0	4096	522
5	4103	591
8	4138	630
19	4194	782
13	4327	757
20	4418	863
21	4558	924
26	4705	1023
34	4887	1175
38	5125	1291
15	5391	1070
25	5496	1207
31	5671	1370
43	5888	1583
32	6189	1503
15	6413	1369
34	6518	1646
29	6756	1644
40	6959	1868
50	7239	2157
34	7589	1967
49	7827	2350
39	8170	2330
50	8443	2622
57	8793	3009
65	9192	3336
68	9647	3850
73	10123	4217
62	10634	4372
67	11068	4816
78	11537	5674
70	12076	5973
61	12566	6170
78	12979	7589
576	13238	12418
4153	13462	72878
74	13511	7654
602	13658	13256
566	13693	12894
548	13770	12604
51	14015	7565
639	14183	14973
584	14211	13525
39	14372	7669
668	14456	15711
579	14491	13975
564	14533	13878
616	14568	14957
59	14638	8520
592	14876	14522
66	15002	9200
655	15002	16117
667	15149	16409
562	15170	14532
84	15380	9991
701	15604	17832
572	15716	15570
78	15849	10740
654	15863	17457
649	15975	17605
691	16227	18635
70	16241	10659
673	16269	18290
708	16276	19103
71	16549	10977
718	16689	19926
665	16731	18745
88	16801	11832
741	16815	20076
701	16976	19287
693	17011	19713
109	17095	12902
724	17291	19921
752	17396	20868
130	17508	13782
754	17613	21020
814	17662	22698
780	17956	22209
811	17984	22747
147	18005	14676
816	18173	23024
824	18236	23588
891	18369	24578
158	18558	15286
822	18635	23768
813	18915	23894
902	19111	24122
128	19160	15231
877	19230	23676
144	19482	15917
916	19622	24533
162	19860	16671
935	19860	25051
906	19923	24655
904	19958	24870
939	20238	25286
923	20266	25139
182	20287	17471
945	20357	25396
1011	20609	26712
179	20735	18123
908	20770	25369
915	21141	25958
220	21148	19220
1006	21260	27167
1010	21554	27493
969	21652	27023
986	21799	27225
206	21813	19962
996	22191	27747
197	22303	19588
1033	22310	32893
218	22674	20404
1100	22695	31734
988	22828	29974
216	23101	20889
1030	23269	31013
257	23423	21822
1187	23528	33666
1061	23724	31816
1158	23871	33000
272	23934	22581
1210	24235	34525
264	24438	22559
1045	24543	32253
288	24872	24066
1231	24984	35641
323	25292	24499
1084	25313	33353
1254	25691	36860
1189	25817	36262
1330	25894	37872
315	25908	24896
1221	26307	36514
303	26335	24933
339	26594	25851
1308	26748	38210
1213	26769	36750
383	26923	26685
1398	26979	40838
1443	26993	40126
1295	27301	38762
405	27357	27551
1270	27665	38735
1487	27756	41645
423	27875	27916
1462	28197	41438
1344	28225	40787
1245	28260	38749
436	28421	28688
1404	28673	40850
1468	28925	41997
476	28995	30718
1557	29254	43743
1438	29471	42218
1595	29604	44652
466	29737	30265
1425	29989	42080
494	30213	31643
1596	30521	45486
1450	30563	43219
549	30745	32797
1609	30759	46120
1570	31004	45652
1548	31263	45155
1565	31445	46323
526	31578	32835
1542	32075	46175
568	32082	33953
1586	32138	46277
1688	32719	48812
1530	32796	46277
564	32880	34466
1719	33391	49991
592	33538	35897
1797	33566	51735
1567	33636	47740
1668	33776	49578
1727	33811	50793
1651	34063	49510
1702	34105	50353
581	34266	35981
1718	34287	50454
1719	34294	50615
1699	34399	50222
1649	34756	49983
597	34812	36432
1583	34833	48713
1778	35008	52156
1725	35246	52030
624	35267	37241
1741	35540	51986
1756	35701	52236
628	35848	37390
1846	36037	54254
608	36380	37340
1747	36471	52997
1832	36590	54502
1751	36632	52996
1912	36730	55744
654	36744	38575
1794	36863	53844
1803	36961	54621
1808	37066	54042
695	37311	39583
1840	37423	54731
1768	37605	54167
1796	37934	54513
1848	38060	55269
686	38067	39927
1815	38207	55443
1860	38228	55306
675	38662	40206
1881	38893	55902
1759	38914	54328
708	39019	40755
31864	39096	376868
1930	39439	54383
728	39481	42092
1827	39579	55902
1877	39579	53312
740	39915	42032
772	40370	42830
1971	40426	56520
1791	40608	52890
1924	40720	54613
772	40993	43191
1914	41091	54631
2029	41427	60801
775	41546	43595
1913	41700	55391
789	42008	44065
875	42386	45979
1876	42498	59596
1989	42666	61129
2035	42799	62096
2005	42995	61410
842	43282	45881
2008	43422	61894
2040	43562	62653
829	43814	45797
2024	43905	62618
904	44059	47802
2076	44220	63346
2036	44325	62749
2019	44577	62854
911	44640	47659
949	45235	48907
2130	45319	65115
1976	45599	63282
938	45949	49413
2109	46222	65411
1969	46404	63574
969	46446	50912
2043	46635	65931
2154	46971	68008
963	47055	50470
2070	47209	65767
994	47510	50952
2148	47559	68241
2151	47601	67523
2052	47643	66106
1000	47944	51356
1034	48350	52066
2051	48350	67067
2156	48427	69439
2164	48469	68902
1049	48763	52680
2133	48791	68729
2156	49001	68941
1066	49120	53329
2219	49281	70850
1082	49428	53310
2155	49449	69016
1103	49722	54001
2268	49827	73046
1196	49939	55552
2170	49960	69921
2198	49960	70433
1107	49974	53632
1084	49995	53446
2179	50058	69969
2224	50149	70427
1202	50366	56030
1247	50401	56066
1278	50499	57094
2229	50646	71011
1294	50737	57230
1339	50821	57555
2112	50842	70291
1284	50877	56834
1348	50912	57813
1431	51066	59232
1366	51122	59280
1434	51339	59997
2121	51402	69934
1455	51514	59613
2254	51521	73298
2264	51563	72543
1461	51752	59865
1478	51766	60217
1548	51913	61421
2273	52039	72738
2286	52109	73032
2179	52186	71668
2253	52361	72748
1530	52417	61694
2246	52508	73033
1595	52536	63013
1518	52767	61738
1599	52886	64477
2240	53082	73418
1604	53187	63137
1612	53411	63446
1673	53411	64500
2277	53418	73832
2314	53502	74901
2010	53607	69048
2056	53614	69306
2032	53712	69430
1667	53740	64150
1727	53782	65321
2067	53803	70281
2072	53817	70530
2299	53824	74979
1918	53873	67810
1959	53915	68669
1944	53957	68232
1832	53964	66684
1756	53999	65863
1765	54020	66817
1837	54041	66981
1901	54041	67603
1886	54048	67212
1702	54062	65209
2090	54118	70806
1765	54153	66076
1810	54160	66398
2292	54167	74964
1885	54188	67303
1709	54244	65820
2078	54412	70199
2058	54629	70199
2278	54657	74972
2057	54734	70283
2343	54902	75606
2079	54944	71003
2329	55049	75911
2070	55091	70915
2339	55224	76051
2366	55252	76564
2059	55273	71547
2069	55371	71423
2377	55392	76871
2368	55399	77024
2130	55406	72284
2402	55616	77415
2398	55630	77282
2072	55735	71199
2105	55903	72564
2423	55973	77936
2408	56008	77755
2037	56043	71232
2160	56085	73851
2213	56085	73622
2198	56113	73665
2075	56141	72423
2129	56155	72815
2061	56176	72164
2049	56225	71439
2452	56232	78204
2213	56246	74196
2155	56267	72864
2081	56309	72062
2232	56330	74649
2146	56337	73181
2091	56344	72100
2183	56351	73654
2190	56358	74250
2090	56379	71980
2184	56379	73430
2114	56386	72373
2076	56400	72516
2104	56400	72656
2165	56421	73580
2138	56449	73864
2387	56456	77560
2148	56470	73087
2390	56477	77669
2192	56484	73653
2099	56519	72721
2099	56554	72356
2206	56687	74141
2523	56855	79914
2208	56876	73813
2205	57037	74919
2460	57058	79415
2411	57156	78886
2233	57233	74858
2330	57233	77154
2448	57289	79887
2208	57366	74877
2241	57387	76289
2497	57450	81246
2229	57555	75441
2192	57604	74709
2220	57639	75496
2231	57681	75491
2474	57758	80056
2246	57891	76194
2195	57898	75865
2209	57919	75314
2348	57933	77774
2215	57968	75844
2210	57982	75460
2198	57989	75124
2246	58073	76268
2214	58087	75988
2388	58136	78807
2235	58178	76895
2266	58297	76664
2152	58325	74590
2204	58339	75435
2261	58374	77060
2294	58388	77651
2224	58416	75906
2294	58437	77523
2398	58444	79258
2279	58479	77143
2295	58549	77548
2446	58577	79955
2205	58591	76517
2264	58591	76945
2219	58598	76308
2251	58605	76900
2462	58612	80280
2202	58647	76914
2463	58696	80093
2230	58787	79007
2267	58808	77367
2205	58815	76280
2250	58829	76848
2446	58857	80228
2248	58885	77012
2271	58955	77134
2286	59060	78768
2473	59130	80579
2295	59144	77973
2444	59151	80126
2313	59284	78821
2315	59305	78935
2451	59354	80585
2504	59445	81576
2253	59683	77940
2273	59725	77866
2319	59746	78842
2571	59795	82392
2477	59970	81196
2288	59991	79232
2312	60222	79338
2292	60250	78979
2584	60257	82811
2307	60306	79228
2617	60362	84072
2568	60376	82980
2489	60425	82022
2328	60523	79802
2562	60663	83011
2267	60712	78951
2240	60719	78437
2318	60929	79574
2333	60936	80143
2553	60936	82740
2644	60936	84240
2249	61069	78826
2275	61097	79204
2362	61174	81115
2287	61195	79514
2248	61335	79122
2581	61335	83727
2681	61398	85178
2628	61524	84876
2303	61713	80626
2406	61832	81988
2409	61846	83224
2270	61888	80295
2264	61909	80065
2290	61937	80208
2336	61965	80948
2654	62189	85667
2379	62210	81842
2364	62231	81285
2373	62238	81545
2302	62273	82358
2294	62287	80560
2676	62294	85318
2532	62378	83772
2453	62399	82830
2639	62434	85281
2601	62448	85123
2614	62448	85595
2309	62497	81289
2564	62637	84863
2541	62693	85298
2584	62735	84851
2401	62798	82552
2445	62819	83012
2375	63029	81952
2525	63036	84089
2582	63092	85527
2536	63197	86583
2400	63211	82762
2654	63211	86478
2447	63330	83601
2394	63400	82493
2459	63540	84271
2526	63638	84657
2434	63666	83881
2525	63722	86647
2416	63736	84811
2534	63736	85620
2505	63750	84418
2445	63820	84288
2472	63848	84446
2478	63855	84369
2583	63890	86699
2526	63939	85454
2530	63974	86138
2491	63995	84981
2408	64030	84194
2451	64037	84529
2488	64051	85343
2569	64058	86752
2416	64128	83304
2576	64135	86191
2387	64156	83826
2416	64240	83540
2508	64282	85301
2524	64296	85378
2501	64303	85258
2442	64345	84453
2361	64548	83037
2419	64709	85521
