0, 262144., 157864
491, 42533., 34246
630, 17872., 13468
516, 17270., 12081
631, 17655., 13590
559, 17606., 13599
647, 18299., 14541
619, 18544., 14633
595, 18656., 14769
614, 18481., 14783
621, 18880., 15576
636, 19020., 15613
608, 19132., 16000
664, 19104., 16041
664, 19818., 16865
634, 19587., 16390
674, 19720., 16703
685, 20511., 17726
691, 20441., 17828
665, 20518., 17905
715, 20980., 18661
685, 21064., 18566
715, 21232., 19171
730, 21386., 19415
753, 22002., 20247
700, 21715., 19796
739, 21862., 20265
696, 21883., 19792
769, 22359., 20612
767, 22660., 21154
785, 22891., 21742
821, 23360., 22424
822, 23416., 22285
815, 23661., 22760
843, 23885., 23183
833, 24004., 23208
879, 24389., 24099
853, 24606., 24186
891, 24606., 24488
930, 25425., 24056
894, 25369., 23861
972, 26034., 24951
949, 26265., 25150
926, 26405., 25301
918, 26286., 25485
967, 26727., 25999
935, 26811., 25910
962, 26972., 26236
967, 27126., 26613
988, 27686., 27373
991, 27546., 27382
1023, 28302., 28381
1025, 28435., 28657
996, 28624., 28795
1021, 28701., 29120
1052, 29163., 29887
1050, 29541., 30235
1062, 29744., 33002
1081, 30395., 33971
1112, 30479., 34108
1126, 31151., 34921
1179, 31977., 35995
1138, 31837., 35826
1190, 31858., 36295
1166, 32705., 36867
1238, 32901., 38440
1184, 33601., 38297
1308, 34140., 39810
1236, 34469., 39836
1309, 34854., 40893
1271, 35204., 41005
1338, 35260., 41677
1305, 35904., 42027
1374, 36366., 42983
1352, 36765., 43482
1368, 36555., 43722
1347, 37094., 43692
1426, 36975., 44281
1415, 38165., 46846
1411, 37633., 45149
1458, 38431., 46278
1472, 38501., 46321
1504, 39201., 47130
1516, 39537., 47663
1526, 40153., 48181
1530, 39964., 48032
1540, 40769., 49243
1587, 40713., 49478
1590, 41693., 50971
1639, 41994., 51134
1574, 42022., 51021
1620, 42099., 51191
1591, 42400., 52462
1632, 42869., 52490
1595, 43240., 52208
1624, 43506., 52742
1677, 44535., 54455
1698, 44605., 54481
1684, 45424., 55128
1747, 45620., 55765
1726, 46145., 56362
1698, 45452., 55589
1749, 46019., 56250
1741, 46292., 56433
1643, 45900., 55645
1729, 45914., 56264
1640, 46313., 56456
1720, 46327., 57672
1715, 46299., 56970
1814, 47454., 58366
1759, 47321., 57882
1783, 47727., 58330
1779, 47993., 58474
1857, 48700., 59663
1784, 48959., 59427
1836, 48889., 60055
1826, 49414., 60422
1856, 49582., 60930
1879, 50114., 61366
1813, 49421., 60685
1837, 49722., 61054
1845, 49981., 61290
1814, 50303., 61239
1869, 50506., 62174
1854, 50912., 62776
1827, 50996., 62289
1884, 51248., 63386
1857, 51227., 63038
1878, 52060., 63111
1925, 52368., 64360
1910, 52949., 64345
1897, 52718., 60104
1938, 53145., 60333
1945, 54223., 60722
1966, 54188., 61413
1967, 54489., 61740
2000, 55091., 62278
1990, 55630., 67612
2029, 55630., 68583
2013, 56589., 68542
2054, 57044., 69431
2033, 57030., 70398
2069, 57478., 70251
2060, 57842., 70229
2073, 58073., 70719
2096, 58577., 71446
2061, 58752., 71735
2070, 58710., 71885
2122, 59431., 72347
2090, 60229., 72456
2124, 60187., 73573
2083, 60985., 73592
2102, 60936., 74322
2152, 61699., 75587
2120, 62049., 75049
2148, 62007., 75480
2145, 62658., 76236
2142, 62595., 76259
2164, 62707., 76369
2181, 63617., 77267
2150, 63519., 77731
2185, 63722., 77643
2186, 64093., 78518
2219, 64534., 78454
2195, 64814., 78391
2267, 65150., 79303
2193, 65311., 79506
2237, 65717., 80301
2222, 65703., 79800
2217, 65346., 79532
2238, 65626., 80479
2201, 66249., 80123
2229, 66249., 80547
2287, 67411., 81347
2248, 67299., 81780
2274, 67439., 82437
2275, 68111., 82141
2263, 67950., 83039
2299, 68132., 83866
2267, 68230., 82780
2322, 68762., 83385
2325, 69357., 83954
2326, 69700., 84269
2345, 69917., 84745
2341, 70211., 85126
2348, 70603., 86159
2378, 71303., 86312
2350, 71352., 86467
2395, 71814., 87272
2335, 71597., 86896
2401, 72031., 87327
2369, 71975., 87227
2431, 72416., 87808
2400, 72430., 88013
2474, 72934., 88732
2413, 72864., 88062
2451, 73165., 89824
2393, 73207., 88533
2417, 73396., 89132
2473, 73543., 89832
2469, 74516., 90195
2454, 74033., 90415
2467, 74425., 90276
2427, 74278., 90343
2473, 74369., 90333
2428, 74929., 90447
2486, 74852., 90946
2420, 75076., 90642
2496, 75230., 91236
2465, 75699., 91445
2467, 75846., 92058
2475, 75937., 92425
2469, 75979., 91740
2486, 76259., 92832
2470, 76441., 92242
2483, 76511., 93475
2517, 76973., 93031
2552, 77309., 93635
2546, 77792., 93400
2579, 77848., 94269
2561, 78352., 94243
2567, 78345., 94774
2620, 78597., 95385
2574, 78681., 96324
2635, 78807., 95584
2644, 79444., 96004
2638, 79402., 96221
2690, 80165., 98215
2646, 79920., 97071
2654, 80102., 96875
2664, 81026., 97525
2636, 80746., 98441
2617, 80767., 97193
2638, 80655., 97480
2591, 80585., 97771
2610, 80907., 97458
2578, 80480., 98875
2590, 80823., 99688
2568, 80711., 97293
2612, 81320., 98267
2593, 81789., 97849
2565, 81166., 97688
2551, 80949., 97344
2584, 81285., 97750
2521, 81397., 98818
2530, 81432., 97843
2549, 81838., 98203
2526, 81964., 98252
2525, 81971., 98407
2560, 81810., 99089
2534, 82041., 98616
2518, 81684., 97793
2524, 81642., 98539
2494, 82167., 98072
2498, 81621., 98777
2500, 81439., 99514
2447, 81474., 97692
2447, 80865., 96895
2435, 81201., 97124
2433, 80886., 97378
2446, 81152., 97647
2416, 81152., 97578
2461, 81075., 97243
2417, 81467., 97679
2449, 81194., 97473
2414, 80935., 96925
2460, 81040., 99160
2375, 80753., 96614
2444, 80648., 96597
2424, 80704., 96598
2399, 80459., 96474
2383, 80011., 96032
2421, 80158., 95923
2362, 79934., 95562
2405, 79654., 95517
2368, 79605., 95214
2396, 79570., 95933
2350, 78849., 95008
2363, 78779., 94378
2349, 78674., 95339
2365, 78387., 94295
2370, 78863., 94516
2350, 78660., 94362
2316, 78709., 94275
2357, 78345., 94281
2290, 78317., 94024
2286, 77967., 93678
2263, 77778., 93844
2278, 77834., 93090
2292, 77757., 93552
2257, 77708., 93181
2290, 77204., 92685
2261, 77022., 92582
2294, 77155., 93055
2269, 76812., 92062
2286, 77071., 93741
2276, 77267., 92728
2269, 76819., 92718
2294, 76581., 92143
2226, 76294., 91937
2307, 76399., 92076
2248, 76455., 91877
2300, 76406., 92028
2255, 76007., 91778
2284, 75979., 91492
2244, 75454., 91660
2279, 75636., 92019
2250, 75475., 91645
2318, 75510., 91200
2251, 75062., 90203
2307, 75209., 90643
2219, 74677., 89946
2292, 74852., 90360
2237, 74614., 89766
2296, 74621., 89888
2221, 74432., 89704
2300, 74579., 89850
2238, 74495., 89891
2252, 74201., 90301
2241, 74061., 89293
2257, 74446., 90863
2249, 74131., 89321
2263, 74439., 90240
2205, 74026., 89213
2237, 74250., 90077
2221, 74362., 89784
2256, 74397., 90732
2196, 74159., 89777
2241, 73984., 89181
2197, 73795., 88763
2216, 73585., 89191
2198, 73473., 88599
2212, 73452., 88244
2200, 73382., 88957
2208, 73375., 88428
2200, 73389., 88352
2206, 73767., 89188
2212, 73823., 89197
2205, 73613., 89453
2184, 73179., 88078
2232, 73263., 88645
2200, 73298., 88182
2211, 73158., 87890
2199, 72948., 88216
2210, 73074., 90775
2205, 72822., 87770
2214, 72864., 88017
2177, 72472., 87498
2185, 72332., 88555
2179, 72129., 88501
2181, 71954., 86426
2178, 71576., 86280
2202, 71499., 86882
2177, 71352., 86013
2203, 71688., 86560
2174, 71576., 86377
2201, 71828., 86633
2164, 71632., 86956
2188, 71667., 86435
2161, 71506., 86246
2181, 71737., 86400
2137, 71205., 86837
2182, 71359., 86428
2121, 71184., 85733
2147, 71415., 86038
2087, 71058., 85662
2139, 71128., 86046
2083, 70981., 85383
2124, 71212., 85857
2070, 71009., 85500
2124, 71247., 86058
2046, 70876., 85303
2089, 70932., 85697
2038, 70666., 84704
2061, 70568., 84982
2054, 70603., 84765
2066, 70638., 85360
2048, 70239., 84410
2081, 70302., 84538
2039, 70316., 84411
2064, 69854., 83918
2045, 69686., 83634
2044, 69581., 84326
2058, 69497., 83957
2027, 69133., 83349
2043, 69035., 83041
2047, 68958., 82710
2048, 68748., 82637
2029, 68321., 82224
2065, 68272., 82347
2029, 68006., 82046
2046, 67936., 81852
1995, 67677., 81389
1994, 67565., 81493
1953, 67628., 81467
1912, 67299., 80889
1930, 67383., 81490
1880, 67348., 81224
1887, 67250., 80911
1836, 66900., 80803
1827, 66830., 79981
1804, 66788., 81318
1792, 66508., 79540
1746, 66375., 79523
1741, 66207., 78836
1721, 66291., 79092
1711, 65976., 79697
1687, 65871., 78864
1661, 65409., 78102
1626, 65122., 77421
1612, 64695., 77150
1572, 64415., 76449
1556, 64079., 76603
1545, 63701., 75549
1551, 63393., 75462
1480, 63127., 74757
1476, 62749., 74482
1457, 62112., 73330
1459, 61979., 73954
1421, 61699., 72985
1409, 61377., 73594
1392, 61083., 72508
1374, 60684., 72120
1318, 60348., 71637
1326, 60194., 72314
1292, 59865., 70962
1274, 59795., 70849
1244, 59445., 69946
1233, 59130., 69946
1197, 58780., 69197
1135, 58311., 68467
1112, 57723., 67701
1087, 57583., 67954
1064, 57443., 67765
1040, 57002., 66729
1022, 56582., 66520
998, 56106., 65760
975, 55588., 65682
942, 54944., 64843
932, 54468., 63722
898, 53796., 63846
882, 53229., 62554
867, 52515., 61438
847, 51878., 60932
826, 51017., 59697
821, 50387., 59579
794, 49617., 58030
766, 49176., 49031
747, 48511., 56684
735, 47531., 47204
709, 46971., 46848
693, 46397., 45805
683, 45774., 45601
675, 45095., 44872
666, 44577., 43992
642, 43975., 43174
624, 43387., 42574
601, 42869., 41786
587, 42176., 41246
573, 41322., 40529
556, 40636., 39657
552, 40244., 39124
541, 39635., 38909
532, 38991., 38242
503, 38333., 37116
488, 37682., 36582
470, 36828., 35471
454, 36058., 34735
454, 35260., 39868
430, 34588., 33582
418, 33671., 32306
398, 32999., 37156
370, 32327., 31469
354, 31473., 30191
345, 30836., 29472
331, 30192., 29446
321, 29604., 27981
292, 28967., 26964
266, 28456., 26232
254, 28113., 30330
235, 27553., 25830
228, 26888., 28738
202, 26286., 23678
200, 25838., 27180
184, 25222., 22300
170, 24613., 21669
157, 24200., 24350
144, 23682., 20792
136, 23255., 20115
125, 22688., 19405
120, 21988., 18223
118, 21561., 20096
101, 20994., 16793
90, 20490., 15951
82, 20056., 17482
72, 19664., 16752
68, 19034., 15626
59, 18418., 12910
50, 17858., 12165
46, 17417., 11467
35, 17046., 10839
26, 16731., 10509
22, 16395., 9903
17, 15968., 9347
12, 15464., 9025
7, 15051., 8179
1, 14645., 7969
0, 14372., 6580
2, 14029., 7517
2, 13525., 7090
2, 12993., 6321
0, 12566., 5033
1, 12083., 5131
0, 11537., 4259
0, 11068., 4028
0, 10634., 3679
0, 10123., 3425
0, 9647., 3100
0, 9192., 2822
0, 8793., 2623
0, 8443., 2426
0, 8170., 2307
0, 7827., 2150
0, 7589., 2046
0, 7239., 1897
0, 6959., 1768
0, 6756., 1694
0, 6518., 1593
0, 6413., 1551
0, 6189., 1462
0, 5888., 1336
0, 5671., 1251
0, 5496., 1177
0, 5391., 1131
0, 5125., 1028
0, 4887., 932
0, 4705., 854
0, 4558., 789
0, 4418., 731
0, 4327., 690
0, 4194., 622
0, 4138., 596
0, 4103., 581
0, 4096., 575
0, 4096., 558
0, 4096., 561
0, 4096., 556
0, 4096., 556
0, 4096., 556
0, 4096., 553
0, 4096., 549
0, 4096., 553
0, 4096., 552
0, 4096., 555
0, 4096., 551
0, 4096., 553
0, 4096., 553
0, 4096., 552
0, 4096., 553
0, 4096., 552
0, 4096., 550
0, 4096., 555
0, 4096., 549
0, 4096., 552
0, 4096., 554
0, 4096., 553
0, 4096., 554
0, 4096., 551
0, 4096., 550
0, 4096., 554
0, 4096., 550
0, 4096., 550
0, 4096., 552
0, 4096., 549
0, 4096., 554
0, 4096., 553
0, 4096., 553
0, 4096., 550
0, 4096., 553
0, 4096., 548
0, 4096., 551
0, 4096., 553
0, 4096., 550
0, 4096., 552
0, 4096., 553
0, 4096., 543
0, 4096., 554
0, 4096., 551
0, 4096., 544
0, 4096., 551
0, 4096., 551
0, 4096., 548
0, 4096., 553
0, 4096., 552
0, 4096., 551
0, 4096., 554
0, 4096., 552
0, 4096., 548
0, 4096., 553
0, 4096., 550
0, 4096., 554
0, 4096., 552
0, 4096., 549
0, 4096., 552
0, 4096., 550
0, 4096., 551
0, 4096., 552
0, 4096., 555
0, 4096., 552
0, 4096., 554
0, 4096., 556
0, 4096., 554
0, 4096., 551
0, 4096., 552
0, 4096., 549
0, 4096., 552
0, 4096., 553
0, 4096., 552
0, 4096., 550
0, 4096., 552
0, 4096., 553
0, 4096., 550
0, 4096., 554
0, 4096., 552
0, 4096., 550
0, 4096., 553
0, 4096., 550
0, 4096., 555
0, 4096., 552
0, 4096., 551
0, 4096., 549
0, 4096., 550
0, 4096., 548
0, 4096., 553
0, 4096., 552
0, 4096., 550
0, 4096., 549
0, 4096., 555
0, 4096., 548
0, 4096., 558
0, 4096., 668
0, 4096., 551
0, 4096., 558
0, 4096., 551
0, 4096., 554
0, 4096., 555
0, 4096., 550
0, 4096., 550
0, 4096., 549
0, 4096., 551
0, 4096., 551
0, 4096., 552
0, 4096., 553
0, 4096., 549
0, 4096., 547
0, 4096., 555
0, 4096., 547
0, 4096., 546
0, 4096., 569
0, 4096., 552
0, 4096., 552
0, 4096., 548
0, 4096., 554
0, 4096., 570
0, 4096., 555
0, 4096., 556
0, 4096., 546
0, 4096., 552
0, 4096., 547
0, 4096., 555
0, 4096., 551
0, 4096., 549
0, 4096., 552
0, 4096., 548
0, 4096., 551
0, 4096., 550
0, 4096., 550
0, 4096., 550
0, 4096., 553
0, 4096., 550
0, 4096., 550
0, 4096., 551
0, 4096., 550
0, 4096., 553
0, 4096., 548
0, 4096., 552
0, 4096., 552
0, 4096., 546
0, 4096., 554
0, 4096., 551
0, 4096., 550
0, 4096., 586
0, 4096., 550
0, 4096., 575
0, 4096., 568
0, 4096., 546
0, 4096., 574
0, 4096., 552
0, 4096., 561
0, 4096., 652
0, 4096., 549
0, 4096., 552
0, 4096., 553
0, 4096., 552
0, 4096., 550
0, 4096., 553
0, 4096., 573
0, 4096., 563
0, 4096., 549
0, 4096., 553
0, 4096., 553
0, 4096., 547
0, 4096., 552
0, 4096., 547
0, 4096., 553
0, 4096., 552
0, 4096., 551
0, 4096., 553
0, 4096., 562
0, 4096., 560
0, 4096., 554
0, 4096., 548
0, 4096., 552
0, 4096., 549
0, 4096., 544
0, 4096., 552
0, 4096., 541
0, 4096., 569
0, 4096., 570
0, 4096., 551
0, 4096., 548
0, 4096., 546
0, 4096., 551
0, 4096., 543
0, 4096., 549
0, 4096., 550
0, 4096., 549
0, 4096., 556
0, 4096., 552
0, 4096., 571
0, 4096., 550
0, 4096., 548
0, 4096., 549
0, 4096., 548
0, 4096., 552
0, 4096., 555
0, 4096., 549
0, 4096., 549
0, 4096., 552
0, 4096., 548
0, 4096., 551
0, 4096., 542
0, 4096., 553
0, 4096., 551
0, 4096., 552
0, 4096., 553
0, 4096., 550
0, 4096., 549
0, 4096., 553
0, 4096., 550
0, 4096., 550
0, 4096., 548
0, 4096., 548
0, 4096., 550
0, 4096., 546
0, 4096., 549
0, 4096., 554
0, 4096., 552
0, 4096., 554
0, 4096., 545
0, 4096., 553
0, 4096., 544
0, 4096., 549
0, 4096., 554
0, 4096., 550
0, 4096., 554
0, 4096., 552
0, 4096., 547
0, 4096., 555
0, 4096., 557
0, 4096., 553
0, 4096., 554
0, 4096., 551
0, 4096., 550
0, 4096., 549
0, 4096., 553
0, 4096., 548
0, 4096., 549
0, 4096., 554
0, 4096., 554
0, 4096., 551
0, 4096., 550
0, 4096., 548
0, 4096., 571
0, 4096., 545
0, 4096., 576
0, 4096., 568
0, 4096., 553
0, 4096., 550
0, 4096., 553
0, 4096., 552
0, 4096., 552
0, 4096., 549
0, 4096., 548
0, 4096., 551
0, 4096., 550
0, 4096., 552
0, 4096., 547
0, 4096., 551
0, 4096., 550
0, 4096., 553
0, 4096., 554
0, 4096., 558
0, 4096., 552
0, 4096., 553
0, 4096., 551
0, 4096., 550
0, 4096., 547
0, 4096., 552
0, 4096., 551
0, 4096., 551
0, 4096., 551
0, 4096., 550
0, 4096., 552
0, 4096., 549
0, 4096., 550
0, 4096., 550
0, 4096., 570
0, 4096., 554
0, 4096., 554
0, 4096., 550
0, 4096., 554
0, 4096., 565
0, 4096., 555
0, 4096., 554
0, 4096., 575
0, 4096., 571
0, 4096., 555
0, 4096., 547
0, 4096., 550
0, 4096., 554
0, 4096., 554
0, 4096., 554
0, 4096., 552
0, 4096., 552
0, 4096., 557
0, 4096., 547
0, 4096., 553
0, 4096., 556
0, 4096., 552
0, 4096., 557
0, 4096., 554
0, 4096., 555
0, 4096., 556
0, 4096., 554
0, 4096., 553
0, 4096., 556
0, 4096., 556
0, 4096., 556
0, 4096., 552
0, 4096., 555
0, 4096., 554
0, 4096., 555
0, 4096., 556
0, 4096., 556
0, 4096., 553
0, 4096., 554
0, 4096., 557
0, 4096., 555
0, 4096., 557
0, 4096., 558
0, 4096., 553
0, 4096., 554
0, 4096., 555
0, 4096., 554
0, 4096., 555
0, 4096., 552
0, 4096., 557
0, 4096., 556
0, 4096., 567
0, 4096., 555
0, 4096., 553
0, 4096., 556
0, 4096., 555
0, 4096., 556
0, 4096., 553
0, 4096., 554
0, 4096., 553
0, 4096., 572
0, 4096., 545
0, 4096., 550
0, 4096., 552
0, 4096., 558
0, 4096., 563
0, 4096., 557
0, 4096., 556
0, 4096., 557
0, 4096., 554
0, 4096., 555
0, 4096., 550
0, 4096., 554
