# ------------------------------ 
# Resultados # no tempo t=4.501e-08
# ------------------------------ 
# erroPicard: 0.01
# deltaT: 1e-11
# ------------------------------ 
# Y_norm | T/Tlivre | P/Plivre | U/Ulivre | Mach
58.2454,0.999987,0.999953,1,3.99999
54.4878,0.999989,0.999958,1.00001,4.00001
50.7304,1,0.999994,1,4
46.9738,1.00003,1.00007,0.999995,4.00003
43.2171,1.00005,1.00015,0.999984,4.00002
39.4601,1.00005,1.00019,0.999981,3.99998
35.7003,1.00006,1.00014,0.999981,4.00018
31.9767,1.00084,1.00272,0.999866,4.00028
28.2653,1.00358,1.00982,0.999458,4.00784
25.0658,1.02166,1.06964,0.99656,4.01745
21.87,1.06451,1.19477,0.989273,4.1141
20.4797,1.18307,1.68125,0.968347,4.15024
14.7665,1.24684,1.73973,0.95046,4.34272
8.88119,1.42493,1.90583,0.919468,3.88826
1.97539,1.84209,1.27196,0.788407,3.21225
0.398941,2.14166,1.63767,0.476528,2.13647
# ------------------------------ 
# Resultados # no tempo t=4.502e-08
# ------------------------------ 
# erroPicard: 0.01
# deltaT: 1e-11
# ------------------------------ 
# Y_norm | T/Tlivre | P/Plivre | U/Ulivre | Mach
58.2454,0.999987,0.999954,1,3.99999
54.4879,0.999989,0.999958,1.00001,4.00001
50.7304,1,0.999993,1,4
46.9738,1.00003,1.00007,0.999995,4.00003
43.2171,1.00005,1.00014,0.999984,4.00002
39.4601,1.00005,1.00018,0.999981,3.99998
35.7003,1.00006,1.00014,0.999981,4.00018
31.9767,1.00084,1.00272,0.999866,4.00028
28.2653,1.00358,1.00982,0.999458,4.00784
25.0659,1.02166,1.06964,0.996561,4.01745
21.87,1.06451,1.19478,0.989273,4.1141
20.4796,1.18307,1.68125,0.968347,4.15024
14.7664,1.24685,1.73973,0.950459,4.34272
8.88117,1.42493,1.90583,0.919467,3.88826
1.97539,1.84209,1.27196,0.788407,3.21226
0.398941,2.14166,1.63767,0.476528,2.13648
# ------------------------------ 
# Resultados # no tempo t=4.503e-08
# ------------------------------ 
# erroPicard: 0.01
# deltaT: 1e-11
# ------------------------------ 
# Y_norm | T/Tlivre | P/Plivre | U/Ulivre | Mach
58.2454,0.999988,0.999954,1,3.99999
54.4879,0.999989,0.999958,1.00001,4.00001
50.7304,1,0.999992,1,4
46.9738,1.00003,1.00007,0.999995,4.00003
43.2171,1.00005,1.00014,0.999984,4.00002
39.4601,1.00005,1.00018,0.999981,3.99998
35.7003,1.00006,1.00014,0.999981,4.00018
31.9768,1.00084,1.00272,0.999866,4.00028
28.2653,1.00358,1.00982,0.999458,4.00784
25.0659,1.02166,1.06964,0.996561,4.01746
21.8699,1.06451,1.19478,0.989274,4.11411
20.4795,1.18308,1.68125,0.968347,4.15025
14.7663,1.24685,1.73973,0.950457,4.34272
8.88115,1.42493,1.90583,0.919467,3.88826
1.97539,1.84209,1.27196,0.788408,3.21226
0.398941,2.14166,1.63767,0.476529,2.13648
# ------------------------------ 
# Resultados # no tempo t=4.504e-08
# ------------------------------ 
# erroPicard: 0.01
# deltaT: 1e-11
# ------------------------------ 
# Y_norm | T/Tlivre | P/Plivre | U/Ulivre | Mach
58.2454,0.999988,0.999955,1,3.99999
54.4879,0.999988,0.999958,1.00001,4.00001
50.7303,1,0.999992,1,4
46.9738,1.00003,1.00007,0.999995,4.00003
43.2171,1.00005,1.00014,0.999984,4.00002
39.4601,1.00005,1.00018,0.999981,3.99998
35.7003,1.00006,1.00014,0.999981,4.00018
31.9768,1.00084,1.00272,0.999865,4.00028
28.2653,1.00358,1.00983,0.999458,4.00784
25.0659,1.02166,1.06964,0.996561,4.01746
21.8699,1.06451,1.19478,0.989274,4.11411
20.4794,1.18308,1.68125,0.968347,4.15025
14.7662,1.24685,1.73973,0.950456,4.34272
8.88112,1.42493,1.90583,0.919467,3.88826
1.97539,1.84209,1.27196,0.788408,3.21226
0.398942,2.14166,1.63767,0.476529,2.13648
# ------------------------------ 
# Resultados # no tempo t=4.505e-08
# ------------------------------ 
# erroPicard: 0.01
# deltaT: 1e-11
# ------------------------------ 
# Y_norm | T/Tlivre | P/Plivre | U/Ulivre | Mach
58.2454,0.999988,0.999955,1,3.99999
54.4879,0.999988,0.999958,1.00001,4.00001
50.7303,1,0.999991,1,4
46.9737,1.00003,1.00007,0.999996,4.00003
43.217,1.00005,1.00014,0.999984,4.00002
39.4601,1.00005,1.00018,0.999981,3.99998
35.7003,1.00006,1.00014,0.999981,4.00018
31.9768,1.00084,1.00272,0.999865,4.00028
28.2654,1.00358,1.00983,0.999458,4.00784
25.0659,1.02166,1.06965,0.996561,4.01746
21.8699,1.06451,1.19478,0.989275,4.11412
20.4793,1.18308,1.68125,0.968347,4.15026
14.7661,1.24685,1.73973,0.950455,4.34272
8.8811,1.42493,1.90583,0.919466,3.88826
1.9754,1.84209,1.27196,0.788408,3.21226
0.398942,2.14166,1.63767,0.476529,2.13648
# ------------------------------ 
# Resultados # no tempo t=4.506e-08
# ------------------------------ 
# erroPicard: 0.01
# deltaT: 1e-11
# ------------------------------ 
# Y_norm | T/Tlivre | P/Plivre | U/Ulivre | Mach
58.2454,0.999988,0.999956,1,3.99999
54.4879,0.999988,0.999958,1.00001,4.00001
50.7303,1,0.99999,1,4
46.9737,1.00003,1.00007,0.999996,4.00003
43.217,1.00005,1.00014,0.999984,4.00002
39.4601,1.00005,1.00018,0.999981,3.99998
35.7003,1.00006,1.00014,0.999981,4.00018
31.9768,1.00084,1.00272,0.999865,4.00028
28.2654,1.00358,1.00983,0.999458,4.00784
25.0659,1.02166,1.06965,0.996562,4.01746
21.8699,1.06451,1.19478,0.989275,4.11412
20.4792,1.18308,1.68125,0.968347,4.15026
14.7661,1.24686,1.73972,0.950454,4.34272
8.88108,1.42493,1.90583,0.919466,3.88826
1.9754,1.84209,1.27196,0.788409,3.21226
0.398942,2.14166,1.63767,0.476529,2.13648
# ------------------------------ 
# Resultados # no tempo t=4.507e-08
# ------------------------------ 
# erroPicard: 0.01
# deltaT: 1e-11
# ------------------------------ 
# Y_norm | T/Tlivre | P/Plivre | U/Ulivre | Mach
58.2454,0.999988,0.999956,1,3.99999
54.4879,0.999988,0.999958,1.00001,4.00001
50.7303,1,0.99999,1,4
46.9737,1.00003,1.00006,0.999996,4.00003
43.217,1.00005,1.00014,0.999984,4.00002
39.46,1.00005,1.00018,0.999981,3.99998
35.7003,1.00006,1.00014,0.999981,4.00018
31.9768,1.00084,1.00273,0.999865,4.00028
28.2654,1.00358,1.00983,0.999459,4.00784
25.0659,1.02166,1.06965,0.996562,4.01747
21.8698,1.06451,1.19478,0.989276,4.11413
20.4791,1.18309,1.68125,0.968346,4.15027
14.766,1.24686,1.73972,0.950453,4.34272
8.88106,1.42493,1.90583,0.919466,3.88826
1.9754,1.84209,1.27196,0.788409,3.21226
0.398943,2.14166,1.63768,0.476529,2.13648
# ------------------------------ 
# Resultados # no tempo t=4.508e-08
# ------------------------------ 
# erroPicard: 0.01
# deltaT: 1e-11
# ------------------------------ 
# Y_norm | T/Tlivre | P/Plivre | U/Ulivre | Mach
58.2454,0.999988,0.999957,1,3.99999
54.4879,0.999988,0.999957,1.00001,4.00001
50.7303,1,0.999989,1,4
46.9737,1.00002,1.00006,0.999996,4.00003
43.217,1.00004,1.00014,0.999985,4.00002
39.46,1.00005,1.00018,0.999981,3.99998
35.7003,1.00006,1.00014,0.999981,4.00018
31.9768,1.00084,1.00273,0.999865,4.00028
28.2654,1.00358,1.00983,0.999459,4.00784
25.0659,1.02166,1.06965,0.996562,4.01747
21.8698,1.06452,1.19478,0.989276,4.11413
20.4791,1.18309,1.68124,0.968346,4.15027
14.7659,1.24686,1.73972,0.950452,4.34272
8.88104,1.42493,1.90582,0.919465,3.88826
1.9754,1.84209,1.27196,0.788409,3.21226
0.398943,2.14166,1.63768,0.476529,2.13648
# ------------------------------ 
# Resultados # no tempo t=4.509e-08
# ------------------------------ 
# erroPicard: 0.01
# deltaT: 1e-11
# ------------------------------ 
# Y_norm | T/Tlivre | P/Plivre | U/Ulivre | Mach
58.2455,0.999988,0.999957,1,3.99999
54.4879,0.999988,0.999957,1.00001,4.00001
50.7303,1,0.999988,1,4
46.9737,1.00002,1.00006,0.999996,4.00003
43.2169,1.00004,1.00014,0.999985,4.00002
39.46,1.00005,1.00018,0.999982,3.99998
35.7003,1.00006,1.00015,0.999981,4.00018
31.9768,1.00084,1.00273,0.999865,4.00028
28.2655,1.00358,1.00983,0.999459,4.00784
25.0659,1.02167,1.06965,0.996562,4.01747
21.8698,1.06452,1.19478,0.989277,4.11414
20.479,1.18309,1.68124,0.968346,4.15028
14.7658,1.24686,1.73972,0.950451,4.34272
8.88102,1.42494,1.90582,0.919465,3.88826
1.97541,1.84209,1.27196,0.78841,3.21226
0.398944,2.14166,1.63768,0.47653,2.13648
# ------------------------------ 
# Resultados # no tempo t=4.51e-08
# ------------------------------ 
# erroPicard: 0.01
# deltaT: 1e-11
# ------------------------------ 
# Y_norm | T/Tlivre | P/Plivre | U/Ulivre | Mach
58.2455,0.999989,0.999958,1,3.99999
54.4879,0.999988,0.999957,1.00001,4.00001
50.7303,1,0.999988,1,4
46.9737,1.00002,1.00006,0.999996,4.00003
43.2169,1.00004,1.00013,0.999985,4.00002
39.46,1.00005,1.00018,0.999982,3.99998
35.7003,1.00006,1.00015,0.999981,4.00018
31.9768,1.00084,1.00273,0.999865,4.00028
28.2655,1.00358,1.00984,0.999459,4.00785
25.0659,1.02167,1.06965,0.996562,4.01747
21.8698,1.06452,1.19478,0.989277,4.11414
20.4789,1.18309,1.68124,0.968346,4.15028
14.7657,1.24687,1.73971,0.95045,4.34272
8.881,1.42494,1.90582,0.919465,3.88826
1.97541,1.84209,1.27196,0.78841,3.21226
0.398944,2.14166,1.63768,0.47653,2.13648
# ------------------------------ 
# Resultados # no tempo t=4.511e-08
# ------------------------------ 
# erroPicard: 0.01
# deltaT: 1e-11
# ------------------------------ 
# Y_norm | T/Tlivre | P/Plivre | U/Ulivre | Mach
58.2455,0.999989,0.999958,1,3.99999
54.4879,0.999988,0.999957,1.00001,4.00001
50.7303,1,0.999987,1,4
46.9737,1.00002,1.00006,0.999996,4.00003
43.2169,1.00004,1.00013,0.999985,4.00002
39.46,1.00005,1.00018,0.999982,3.99998
35.7003,1.00006,1.00015,0.999981,4.00018
31.9768,1.00084,1.00273,0.999865,4.00028
28.2655,1.00358,1.00984,0.999459,4.00785
25.0659,1.02167,1.06965,0.996562,4.01748
21.8697,1.06452,1.19478,0.989278,4.11415
20.4788,1.1831,1.68124,0.968346,4.15029
14.7656,1.24687,1.73971,0.950449,4.34272
8.88098,1.42494,1.90582,0.919465,3.88826
1.97541,1.84209,1.27196,0.78841,3.21226
0.398944,2.14166,1.63768,0.47653,2.13648
# ------------------------------ 
# Resultados # no tempo t=4.512e-08
# ------------------------------ 
# erroPicard: 0.01
# deltaT: 1e-11
# ------------------------------ 
# Y_norm | T/Tlivre | P/Plivre | U/Ulivre | Mach
58.2455,0.999989,0.999959,1,3.99999
54.4879,0.999988,0.999957,1.00001,4.00002
50.7303,1,0.999987,1,4
46.9737,1.00002,1.00006,0.999997,4.00003
43.2169,1.00004,1.00013,0.999985,4.00002
39.46,1.00005,1.00018,0.999982,3.99998
35.7003,1.00006,1.00015,0.999981,4.00018
31.9768,1.00084,1.00273,0.999864,4.00028
28.2655,1.00358,1.00984,0.999459,4.00785
25.0659,1.02167,1.06966,0.996563,4.01748
21.8697,1.06452,1.19478,0.989278,4.11415
20.4787,1.1831,1.68124,0.968346,4.15029
14.7655,1.24687,1.73971,0.950448,4.34272
8.88096,1.42494,1.90582,0.919465,3.88826
1.97541,1.84209,1.27197,0.788411,3.21226
0.398945,2.14166,1.63768,0.47653,2.13649
# ------------------------------ 
# Resultados # no tempo t=4.513e-08
# ------------------------------ 
# erroPicard: 0.01
# deltaT: 1e-11
# ------------------------------ 
# Y_norm | T/Tlivre | P/Plivre | U/Ulivre | Mach
58.2455,0.999989,0.999959,1,3.99999
54.4879,0.999988,0.999957,1.00001,4.00002
50.7302,1,0.999986,1,4
46.9737,1.00002,1.00006,0.999997,4.00003
43.2168,1.00004,1.00013,0.999985,4.00002
39.46,1.00005,1.00018,0.999982,3.99998
35.7003,1.00006,1.00015,0.999981,4.00018
31.9768,1.00084,1.00273,0.999864,4.00028
28.2656,1.00358,1.00984,0.999459,4.00785
25.0659,1.02167,1.06966,0.996563,4.01748
21.8697,1.06452,1.19478,0.989279,4.11416
20.4786,1.1831,1.68124,0.968345,4.1503
14.7655,1.24687,1.73971,0.950447,4.34273
8.88094,1.42494,1.90582,0.919464,3.88826
1.97542,1.84209,1.27197,0.788411,3.21227
0.398945,2.14166,1.63768,0.47653,2.13649
# ------------------------------ 
# Resultados # no tempo t=4.514e-08
# ------------------------------ 
# erroPicard: 0.01
# deltaT: 1e-11
# ------------------------------ 
# Y_norm | T/Tlivre | P/Plivre | U/Ulivre | Mach
58.2455,0.999989,0.99996,1,3.99999
54.4879,0.999988,0.999958,1.00001,4.00002
50.7302,1,0.999985,1,4
46.9736,1.00002,1.00006,0.999997,4.00003
43.2168,1.00004,1.00013,0.999986,4.00002
39.46,1.00005,1.00018,0.999982,3.99998
35.7003,1.00006,1.00015,0.999981,4.00018
31.9768,1.00084,1.00273,0.999864,4.00028
28.2656,1.00358,1.00984,0.999459,4.00785
25.0659,1.02167,1.06966,0.996563,4.01748
21.8697,1.06452,1.19478,0.989279,4.11416
20.4785,1.18311,1.68124,0.968345,4.1503
14.7654,1.24688,1.7397,0.950446,4.34273
8.88092,1.42494,1.90582,0.919464,3.88826
1.97542,1.84209,1.27197,0.788411,3.21227
0.398945,2.14166,1.63769,0.476531,2.13649
# ------------------------------ 
# Resultados # no tempo t=4.515e-08
# ------------------------------ 
# erroPicard: 0.01
# deltaT: 1e-11
# ------------------------------ 
# Y_norm | T/Tlivre | P/Plivre | U/Ulivre | Mach
58.2455,0.999989,0.99996,1,3.99999
54.4879,0.999988,0.999958,1.00001,4.00002
50.7302,1,0.999985,1,4
46.9736,1.00002,1.00006,0.999997,4.00003
43.2168,1.00004,1.00013,0.999986,4.00002
39.46,1.00005,1.00018,0.999982,3.99999
35.7003,1.00006,1.00015,0.999981,4.00018
31.9769,1.00084,1.00273,0.999864,4.00028
28.2656,1.00359,1.00984,0.999459,4.00785
25.0659,1.02167,1.06966,0.996563,4.01749
21.8696,1.06453,1.19479,0.989279,4.11417
20.4784,1.18311,1.68124,0.968345,4.15031
14.7653,1.24688,1.7397,0.950445,4.34273
8.8809,1.42494,1.90582,0.919464,3.88826
1.97542,1.84208,1.27197,0.788412,3.21227
0.398946,2.14166,1.63769,0.476531,2.13649
# ------------------------------ 
# Resultados # no tempo t=4.516e-08
# ------------------------------ 
# erroPicard: 0.01
# deltaT: 1e-11
# ------------------------------ 
# Y_norm | T/Tlivre | P/Plivre | U/Ulivre | Mach
58.2455,0.999989,0.999961,1,3.99999
54.4879,0.999988,0.999958,1.00001,4.00002
50.7302,1,0.999984,1,4
46.9736,1.00002,1.00006,0.999997,4.00003
43.2168,1.00004,1.00013,0.999986,4.00002
39.46,1.00005,1.00018,0.999982,3.99999
35.7004,1.00006,1.00015,0.999981,4.00018
31.9769,1.00084,1.00273,0.999864,4.00028
28.2656,1.00359,1.00984,0.999459,4.00785
25.0659,1.02167,1.06966,0.996563,4.01749
21.8696,1.06453,1.19479,0.98928,4.11417
20.4783,1.18311,1.68124,0.968345,4.15031
14.7652,1.24688,1.7397,0.950444,4.34273
8.88088,1.42495,1.90582,0.919464,3.88826
1.97542,1.84208,1.27197,0.788412,3.21227
0.398946,2.14166,1.63769,0.476531,2.13649
# ------------------------------ 
# Resultados # no tempo t=4.517e-08
# ------------------------------ 
# erroPicard: 0.01
# deltaT: 1e-11
# ------------------------------ 
# Y_norm | T/Tlivre | P/Plivre | U/Ulivre | Mach
58.2455,0.999989,0.999961,1,3.99999
54.4879,0.999988,0.999958,1.00001,4.00002
50.7302,1,0.999984,1,4
46.9736,1.00002,1.00006,0.999997,4.00003
43.2167,1.00004,1.00012,0.999986,4.00002
39.4599,1.00005,1.00018,0.999983,3.99999
35.7004,1.00006,1.00015,0.999981,4.00018
31.9769,1.00084,1.00273,0.999864,4.00028
28.2656,1.00359,1.00985,0.999459,4.00785
25.0659,1.02167,1.06966,0.996563,4.01749
21.8696,1.06453,1.19479,0.98928,4.11418
20.4782,1.18311,1.68124,0.968345,4.15032
14.7651,1.24688,1.7397,0.950443,4.34273
8.88086,1.42495,1.90582,0.919464,3.88826
1.97543,1.84208,1.27197,0.788412,3.21227
0.398946,2.14166,1.63769,0.476531,2.13649
# ------------------------------ 
# Resultados # no tempo t=4.518e-08
# ------------------------------ 
# erroPicard: 0.01
# deltaT: 1e-11
# ------------------------------ 
# Y_norm | T/Tlivre | P/Plivre | U/Ulivre | Mach
58.2455,0.99999,0.999962,1,3.99999
54.4879,0.999988,0.999958,1.00001,4.00002
50.7302,0.999999,0.999983,1,4
46.9736,1.00002,1.00006,0.999998,4.00003
43.2167,1.00004,1.00012,0.999986,4.00002
39.4599,1.00005,1.00018,0.999983,3.99999
35.7004,1.00006,1.00015,0.999981,4.00018
31.9769,1.00084,1.00273,0.999864,4.00028
28.2657,1.00359,1.00985,0.999459,4.00785
25.066,1.02167,1.06966,0.996564,4.01749
21.8695,1.06453,1.19479,0.98928,4.11418
20.4781,1.18312,1.68124,0.968344,4.15033
14.765,1.24689,1.7397,0.950442,4.34273
8.88084,1.42495,1.90582,0.919464,3.88826
1.97543,1.84208,1.27197,0.788412,3.21227
0.398947,2.14166,1.63769,0.476531,2.13649
# ------------------------------ 
# Resultados # no tempo t=4.519e-08
# ------------------------------ 
# erroPicard: 0.01
# deltaT: 1e-11
# ------------------------------ 
# Y_norm | T/Tlivre | P/Plivre | U/Ulivre | Mach
58.2456,0.99999,0.999962,1,3.99999
54.4879,0.999988,0.999958,1.00001,4.00002
50.7302,0.999999,0.999982,1,4.00001
46.9736,1.00002,1.00005,0.999998,4.00003
43.2167,1.00004,1.00012,0.999987,4.00002
39.4599,1.00005,1.00017,0.999983,3.99999
35.7004,1.00006,1.00015,0.999981,4.00018
31.9769,1.00084,1.00273,0.999864,4.00028
28.2657,1.00359,1.00985,0.999459,4.00785
25.066,1.02167,1.06967,0.996564,4.0175
21.8695,1.06453,1.19479,0.98928,4.11419
20.478,1.18312,1.68124,0.968344,4.15033
14.7649,1.24689,1.73969,0.950441,4.34273
8.88082,1.42495,1.90582,0.919464,3.88826
1.97543,1.84208,1.27197,0.788413,3.21227
0.398947,2.14166,1.63769,0.476531,2.13649
# ------------------------------ 
# Resultados # no tempo t=4.52e-08
# ------------------------------ 
# erroPicard: 0.01
# deltaT: 1e-11
# ------------------------------ 
# Y_norm | T/Tlivre | P/Plivre | U/Ulivre | Mach
58.2456,0.99999,0.999963,1,3.99999
54.4879,0.999988,0.999958,1.00001,4.00002
50.7302,0.999999,0.999982,1,4.00001
46.9736,1.00002,1.00005,0.999998,4.00003
43.2167,1.00004,1.00012,0.999987,4.00002
39.4599,1.00005,1.00017,0.999983,3.99999
35.7004,1.00006,1.00015,0.999981,4.00018
31.9769,1.00084,1.00273,0.999864,4.00028
28.2657,1.00359,1.00985,0.999459,4.00786
25.066,1.02167,1.06967,0.996564,4.0175
21.8695,1.06453,1.19479,0.989281,4.11419
20.4779,1.18312,1.68124,0.968344,4.15034
14.7648,1.24689,1.73969,0.95044,4.34274
8.8808,1.42495,1.90582,0.919463,3.88826
1.97543,1.84208,1.27197,0.788413,3.21227
0.398947,2.14167,1.63769,0.476532,2.13649
# ------------------------------ 
# Resultados # no tempo t=4.521e-08
# ------------------------------ 
# erroPicard: 0.01
# deltaT: 1e-11
# ------------------------------ 
# Y_norm | T/Tlivre | P/Plivre | U/Ulivre | Mach
58.2456,0.99999,0.999963,1,3.99999
54.4879,0.999988,0.999958,1.00001,4.00002
50.7302,0.999999,0.999981,1,4.00001
46.9736,1.00002,1.00005,0.999998,4.00003
43.2166,1.00004,1.00012,0.999987,4.00002
39.4599,1.00005,1.00017,0.999983,3.99999
35.7004,1.00006,1.00015,0.999981,4.00018
31.9769,1.00084,1.00274,0.999864,4.00029
28.2657,1.00359,1.00985,0.999459,4.00786
25.066,1.02167,1.06967,0.996564,4.0175
21.8694,1.06453,1.19479,0.989281,4.1142
20.4778,1.18313,1.68124,0.968344,4.15034
14.7648,1.24689,1.73969,0.95044,4.34274
8.88079,1.42495,1.90582,0.919463,3.88826
1.97544,1.84208,1.27197,0.788413,3.21228
0.398948,2.14167,1.6377,0.476532,2.13649
# ------------------------------ 
# Resultados # no tempo t=4.522e-08
# ------------------------------ 
# erroPicard: 0.01
# deltaT: 1e-11
# ------------------------------ 
# Y_norm | T/Tlivre | P/Plivre | U/Ulivre | Mach
58.2456,0.99999,0.999964,1,3.99999
54.4879,0.999988,0.999958,1.00001,4.00002
50.7302,0.999999,0.999981,1,4.00001
46.9736,1.00002,1.00005,0.999998,4.00003
43.2166,1.00004,1.00012,0.999987,4.00002
39.4599,1.00005,1.00017,0.999983,3.99999
35.7004,1.00006,1.00015,0.999981,4.00018
31.9769,1.00084,1.00274,0.999863,4.00029
28.2658,1.00359,1.00985,0.999459,4.00786
25.066,1.02168,1.06967,0.996564,4.0175
21.8694,1.06454,1.19479,0.989281,4.1142
20.4777,1.18313,1.68124,0.968343,4.15035
14.7647,1.2469,1.73969,0.950439,4.34274
8.88077,1.42495,1.90582,0.919463,3.88826
1.97544,1.84208,1.27197,0.788414,3.21228
0.398948,2.14167,1.6377,0.476532,2.1365
# ------------------------------ 
# Resultados # no tempo t=4.523e-08
# ------------------------------ 
# erroPicard: 0.01
# deltaT: 1e-11
# ------------------------------ 
# Y_norm | T/Tlivre | P/Plivre | U/Ulivre | Mach
58.2456,0.99999,0.999964,1,3.99999
54.4879,0.999988,0.999958,1.00001,4.00002
50.7301,0.999999,0.99998,1,4.00001
46.9736,1.00002,1.00005,0.999998,4.00003
43.2166,1.00004,1.00012,0.999987,4.00002
39.4599,1.00005,1.00017,0.999984,3.99999
35.7004,1.00006,1.00015,0.999982,4.00018
31.9769,1.00084,1.00274,0.999863,4.00029
28.2658,1.00359,1.00985,0.999459,4.00786
25.066,1.02168,1.06967,0.996564,4.0175
21.8694,1.06454,1.19479,0.989281,4.11421
20.4776,1.18313,1.68124,0.968343,4.15035
14.7646,1.2469,1.73968,0.950438,4.34274
8.88075,1.42496,1.90582,0.919463,3.88826
1.97544,1.84208,1.27197,0.788414,3.21228
0.398948,2.14167,1.6377,0.476532,2.1365
# ------------------------------ 
# Resultados # no tempo t=4.524e-08
# ------------------------------ 
# erroPicard: 0.01
# deltaT: 1e-11
# ------------------------------ 
# Y_norm | T/Tlivre | P/Plivre | U/Ulivre | Mach
58.2456,0.99999,0.999965,1,3.99999
54.4879,0.999988,0.999959,1.00001,4.00002
50.7301,0.999998,0.99998,1,4.00001
46.9736,1.00002,1.00005,0.999998,4.00004
43.2166,1.00004,1.00012,0.999987,4.00002
39.4598,1.00005,1.00017,0.999984,3.99999
35.7004,1.00006,1.00015,0.999982,4.00018
31.9769,1.00084,1.00274,0.999863,4.00029
28.2658,1.00359,1.00986,0.999459,4.00786
25.066,1.02168,1.06967,0.996564,4.01751
21.8693,1.06454,1.19479,0.989281,4.11421
20.4775,1.18313,1.68124,0.968343,4.15036
14.7645,1.2469,1.73968,0.950437,4.34274
8.88073,1.42496,1.90582,0.919463,3.88826
1.97544,1.84208,1.27197,0.788414,3.21228
0.398949,2.14167,1.6377,0.476532,2.1365
# ------------------------------ 
# Resultados # no tempo t=4.525e-08
# ------------------------------ 
# erroPicard: 0.01
# deltaT: 1e-11
# ------------------------------ 
# Y_norm | T/Tlivre | P/Plivre | U/Ulivre | Mach
58.2456,0.99999,0.999965,1,3.99999
54.488,0.999988,0.999959,1.00001,4.00002
50.7301,0.999998,0.999979,1,4.00001
46.9736,1.00002,1.00005,0.999999,4.00004
43.2165,1.00004,1.00011,0.999988,4.00002
39.4598,1.00005,1.00017,0.999984,3.99999
35.7004,1.00006,1.00015,0.999982,4.00018
31.9769,1.00084,1.00274,0.999863,4.00029
28.2658,1.00359,1.00986,0.999459,4.00786
25.066,1.02168,1.06968,0.996564,4.01751
21.8693,1.06454,1.1948,0.989282,4.11422
20.4774,1.18314,1.68124,0.968342,4.15036
14.7644,1.2469,1.73968,0.950436,4.34274
8.88072,1.42496,1.90582,0.919463,3.88826
1.97545,1.84208,1.27197,0.788414,3.21228
0.398949,2.14167,1.6377,0.476532,2.1365
# ------------------------------ 
# Resultados # no tempo t=4.526e-08
# ------------------------------ 
# erroPicard: 0.01
# deltaT: 1e-11
# ------------------------------ 
# Y_norm | T/Tlivre | P/Plivre | U/Ulivre | Mach
58.2456,0.999991,0.999965,1,3.99999
54.488,0.999988,0.999959,1.00001,4.00002
50.7301,0.999998,0.999979,1,4.00001
46.9735,1.00002,1.00005,0.999999,4.00004
43.2165,1.00004,1.00011,0.999988,4.00002
39.4598,1.00005,1.00017,0.999984,3.99999
35.7004,1.00006,1.00015,0.999982,4.00018
31.9769,1.00084,1.00274,0.999863,4.00029
28.2658,1.00359,1.00986,0.999459,4.00786
25.066,1.02168,1.06968,0.996564,4.01751
21.8693,1.06454,1.1948,0.989282,4.11422
20.4774,1.18314,1.68124,0.968342,4.15037
14.7643,1.24691,1.73968,0.950436,4.34275
8.8807,1.42496,1.90582,0.919463,3.88826
1.97545,1.84208,1.27197,0.788415,3.21228
0.398949,2.14167,1.6377,0.476532,2.1365
# ------------------------------ 
# Resultados # no tempo t=4.527e-08
# ------------------------------ 
# erroPicard: 0.01
# deltaT: 1e-11
# ------------------------------ 
# Y_norm | T/Tlivre | P/Plivre | U/Ulivre | Mach
58.2456,0.999991,0.999966,1,3.99999
54.488,0.999988,0.999959,1.00001,4.00002
50.7301,0.999998,0.999978,1,4.00001
46.9735,1.00002,1.00005,0.999999,4.00004
43.2165,1.00004,1.00011,0.999988,4.00002
39.4598,1.00005,1.00017,0.999984,3.99999
35.7004,1.00006,1.00015,0.999982,4.00019
31.9769,1.00084,1.00274,0.999863,4.00029
28.2659,1.00359,1.00986,0.999459,4.00786
25.066,1.02168,1.06968,0.996564,4.01751
21.8692,1.06454,1.1948,0.989282,4.11422
20.4773,1.18314,1.68124,0.968342,4.15037
14.7643,1.24691,1.73968,0.950435,4.34275
8.88068,1.42496,1.90582,0.919463,3.88826
1.97545,1.84208,1.27197,0.788415,3.21228
0.39895,2.14167,1.6377,0.476533,2.1365
# ------------------------------ 
# Resultados # no tempo t=4.528e-08
# ------------------------------ 
# erroPicard: 0.01
# deltaT: 1e-11
# ------------------------------ 
# Y_norm | T/Tlivre | P/Plivre | U/Ulivre | Mach
58.2456,0.999991,0.999966,1,3.99999
54.488,0.999988,0.999959,1.00001,4.00002
50.7301,0.999998,0.999978,1,4.00001
46.9735,1.00002,1.00005,0.999999,4.00004
43.2165,1.00004,1.00011,0.999988,4.00003
39.4598,1.00005,1.00017,0.999984,3.99999
35.7004,1.00006,1.00015,0.999982,4.00019
31.9769,1.00084,1.00274,0.999863,4.00029
28.2659,1.00359,1.00986,0.999459,4.00786
25.066,1.02168,1.06968,0.996565,4.01752
21.8692,1.06455,1.1948,0.989282,4.11423
20.4772,1.18315,1.68124,0.968341,4.15038
14.7642,1.24691,1.73967,0.950434,4.34275
8.88067,1.42496,1.90582,0.919464,3.88826
1.97545,1.84208,1.27197,0.788415,3.21228
0.39895,2.14167,1.6377,0.476533,2.1365
# ------------------------------ 
# Resultados # no tempo t=4.529e-08
# ------------------------------ 
# erroPicard: 0.01
# deltaT: 1e-11
# ------------------------------ 
# Y_norm | T/Tlivre | P/Plivre | U/Ulivre | Mach
58.2456,0.999991,0.999967,1,3.99999
54.488,0.999988,0.99996,1.00001,4.00002
50.7301,0.999998,0.999977,1,4.00001
46.9735,1.00002,1.00005,0.999999,4.00004
43.2164,1.00004,1.00011,0.999988,4.00003
39.4598,1.00005,1.00017,0.999984,3.99999
35.7004,1.00006,1.00015,0.999982,4.00019
31.9769,1.00084,1.00274,0.999863,4.00029
28.2659,1.00359,1.00986,0.999459,4.00786
25.066,1.02168,1.06968,0.996565,4.01752
21.8692,1.06455,1.1948,0.989282,4.11423
20.4771,1.18315,1.68124,0.968341,4.15039
14.7641,1.24691,1.73967,0.950434,4.34275
8.88065,1.42497,1.90582,0.919464,3.88826
1.97545,1.84208,1.27198,0.788415,3.21229
0.39895,2.14167,1.63771,0.476533,2.1365
# ------------------------------ 
# Resultados # no tempo t=4.53e-08
# ------------------------------ 
# erroPicard: 0.01
# deltaT: 1e-11
# ------------------------------ 
# Y_norm | T/Tlivre | P/Plivre | U/Ulivre | Mach
58.2456,0.999991,0.999967,1,3.99999
54.488,0.999988,0.99996,1.00001,4.00002
50.7301,0.999998,0.999977,1,4.00001
46.9735,1.00002,1.00005,0.999999,4.00004
43.2164,1.00004,1.00011,0.999989,4.00003
39.4598,1.00005,1.00017,0.999985,3.99999
35.7004,1.00006,1.00016,0.999982,4.00019
31.9769,1.00084,1.00274,0.999863,4.00029
28.2659,1.00359,1.00986,0.999459,4.00786
25.066,1.02168,1.06968,0.996565,4.01752
21.8691,1.06455,1.1948,0.989282,4.11424
20.477,1.18315,1.68124,0.968341,4.15039
14.764,1.24692,1.73967,0.950433,4.34276
8.88064,1.42497,1.90582,0.919464,3.88826
1.97546,1.84208,1.27198,0.788416,3.21229
0.398951,2.14167,1.63771,0.476533,2.1365
# ------------------------------ 
# Resultados # no tempo t=4.531e-08
# ------------------------------ 
# erroPicard: 0.01
# deltaT: 1e-11
# ------------------------------ 
# Y_norm | T/Tlivre | P/Plivre | U/Ulivre | Mach
58.2456,0.999991,0.999968,1,3.99999
54.488,0.999988,0.99996,1.00001,4.00002
50.7301,0.999997,0.999976,1,4.00001
46.9735,1.00002,1.00005,0.999999,4.00004
43.2164,1.00004,1.00011,0.999989,4.00003
39.4597,1.00005,1.00016,0.999985,3.99999
35.7004,1.00006,1.00016,0.999982,4.00019
31.9769,1.00084,1.00274,0.999863,4.00029
28.2659,1.00359,1.00987,0.999459,4.00786
25.066,1.02168,1.06969,0.996565,4.01752
21.8691,1.06455,1.1948,0.989282,4.11424
20.4769,1.18316,1.68124,0.96834,4.1504
14.7639,1.24692,1.73967,0.950432,4.34276
8.88062,1.42497,1.90582,0.919464,3.88826
1.97546,1.84208,1.27198,0.788416,3.21229
0.398951,2.14167,1.63771,0.476533,2.13651
# ------------------------------ 
# Resultados # no tempo t=4.532e-08
# ------------------------------ 
# erroPicard: 0.01
# deltaT: 1e-11
# ------------------------------ 
# Y_norm | T/Tlivre | P/Plivre | U/Ulivre | Mach
58.2457,0.999991,0.999968,1,3.99999
54.488,0.999988,0.99996,1.00001,4.00002
50.7301,0.999997,0.999976,1,4.00001
46.9735,1.00002,1.00005,1,4.00004
43.2164,1.00004,1.0001,0.999989,4.00003
39.4597,1.00005,1.00016,0.999985,3.99999
35.7004,1.00006,1.00016,0.999982,4.00019
31.9769,1.00084,1.00274,0.999863,4.00029
28.2659,1.00359,1.00987,0.999459,4.00786
25.066,1.02168,1.06969,0.996565,4.01752
21.8691,1.06455,1.1948,0.989282,4.11425
20.4768,1.18316,1.68124,0.96834,4.1504
14.7638,1.24692,1.73967,0.950432,4.34276
8.88061,1.42497,1.90582,0.919464,3.88826
1.97546,1.84208,1.27198,0.788416,3.21229
0.398951,2.14167,1.63771,0.476533,2.13651
# ------------------------------ 
# Resultados # no tempo t=4.533e-08
# ------------------------------ 
# erroPicard: 0.01
# deltaT: 1e-11
# ------------------------------ 
# Y_norm | T/Tlivre | P/Plivre | U/Ulivre | Mach
58.2457,0.999991,0.999968,1,3.99999
54.488,0.999988,0.999961,1.00001,4.00002
50.7301,0.999997,0.999976,1,4.00001
46.9735,1.00002,1.00005,1,4.00004
43.2164,1.00004,1.0001,0.999989,4.00003
39.4597,1.00005,1.00016,0.999985,3.99999
35.7004,1.00006,1.00016,0.999982,4.00019
31.9769,1.00084,1.00274,0.999862,4.00029
28.266,1.00359,1.00987,0.999459,4.00787
25.0661,1.02168,1.06969,0.996565,4.01753
21.869,1.06455,1.19481,0.989282,4.11425
20.4767,1.18316,1.68124,0.96834,4.15041
14.7638,1.24693,1.73966,0.950431,4.34276
8.8806,1.42497,1.90582,0.919464,3.88826
1.97546,1.84208,1.27198,0.788416,3.21229
0.398951,2.14167,1.63771,0.476534,2.13651
# ------------------------------ 
# Resultados # no tempo t=4.534e-08
# ------------------------------ 
# erroPicard: 0.01
# deltaT: 1e-11
# ------------------------------ 
# Y_norm | T/Tlivre | P/Plivre | U/Ulivre | Mach
58.2457,0.999992,0.999969,1,3.99999
54.488,0.999988,0.999961,1.00001,4.00002
50.7301,0.999997,0.999975,1,4.00001
46.9735,1.00002,1.00004,1,4.00004
43.2163,1.00004,1.0001,0.999989,4.00003
39.4597,1.00005,1.00016,0.999985,3.99999
35.7004,1.00006,1.00016,0.999982,4.00019
31.9769,1.00084,1.00274,0.999862,4.00029
28.266,1.00359,1.00987,0.999459,4.00787
25.0661,1.02169,1.06969,0.996565,4.01753
21.869,1.06456,1.19481,0.989282,4.11425
20.4766,1.18316,1.68124,0.968339,4.15041
14.7637,1.24693,1.73966,0.950431,4.34277
8.88058,1.42497,1.90582,0.919464,3.88826
1.97546,1.84208,1.27198,0.788417,3.21229
0.398952,2.14167,1.63771,0.476534,2.13651
# ------------------------------ 
# Resultados # no tempo t=4.535e-08
# ------------------------------ 
# erroPicard: 0.01
# deltaT: 1e-11
# ------------------------------ 
# Y_norm | T/Tlivre | P/Plivre | U/Ulivre | Mach
58.2457,0.999992,0.999969,1,3.99999
54.488,0.999988,0.999961,1.00001,4.00002
50.73,0.999997,0.999975,1,4.00001
46.9735,1.00002,1.00004,1,4.00004
43.2163,1.00004,1.0001,0.99999,4.00003
39.4597,1.00005,1.00016,0.999985,3.99999
35.7004,1.00006,1.00016,0.999982,4.00019
31.9769,1.00084,1.00274,0.999862,4.00029
28.266,1.00359,1.00987,0.999458,4.00787
25.0661,1.02169,1.06969,0.996565,4.01753
21.869,1.06456,1.19481,0.989282,4.11426
20.4765,1.18317,1.68124,0.968339,4.15042
14.7636,1.24693,1.73966,0.95043,4.34277
8.88057,1.42498,1.90582,0.919464,3.88826
1.97547,1.84208,1.27198,0.788417,3.21229
0.398952,2.14167,1.63771,0.476534,2.13651
# ------------------------------ 
# Resultados # no tempo t=4.536e-08
# ------------------------------ 
# erroPicard: 0.01
# deltaT: 1e-11
# ------------------------------ 
# Y_norm | T/Tlivre | P/Plivre | U/Ulivre | Mach
58.2457,0.999992,0.99997,1,3.99999
54.4881,0.999988,0.999961,1.00001,4.00002
50.73,0.999997,0.999974,1,4.00001
46.9735,1.00002,1.00004,1,4.00004
43.2163,1.00004,1.0001,0.99999,4.00003
39.4597,1.00005,1.00016,0.999986,3.99999
35.7004,1.00006,1.00016,0.999983,4.00019
31.9769,1.00084,1.00274,0.999862,4.00029
28.266,1.00359,1.00987,0.999458,4.00787
25.0661,1.02169,1.0697,0.996565,4.01753
21.8689,1.06456,1.19481,0.989282,4.11426
20.4764,1.18317,1.68124,0.968339,4.15042
14.7635,1.24693,1.73966,0.950429,4.34277
8.88056,1.42498,1.90582,0.919465,3.88826
1.97547,1.84208,1.27198,0.788417,3.2123
0.398952,2.14167,1.63771,0.476534,2.13651
# ------------------------------ 
# Resultados # no tempo t=4.537e-08
# ------------------------------ 
# erroPicard: 0.01
# deltaT: 1e-11
# ------------------------------ 
# Y_norm | T/Tlivre | P/Plivre | U/Ulivre | Mach
58.2457,0.999992,0.99997,1,3.99999
54.4881,0.999988,0.999962,1.00001,4.00002
50.73,0.999997,0.999974,1,4.00001
46.9735,1.00002,1.00004,1,4.00004
43.2163,1.00004,1.0001,0.99999,4.00003
39.4596,1.00005,1.00016,0.999986,3.99999
35.7004,1.00006,1.00016,0.999983,4.00019
31.9769,1.00084,1.00274,0.999862,4.00029
28.266,1.00359,1.00987,0.999458,4.00787
25.0661,1.02169,1.0697,0.996565,4.01753
21.8689,1.06456,1.19481,0.989282,4.11427
20.4763,1.18317,1.68124,0.968338,4.15043
14.7634,1.24694,1.73966,0.950429,4.34278
8.88054,1.42498,1.90582,0.919465,3.88827
1.97547,1.84207,1.27198,0.788417,3.2123
0.398952,2.14167,1.63771,0.476534,2.13651
# ------------------------------ 
# Resultados # no tempo t=4.538e-08
# ------------------------------ 
# erroPicard: 0.01
# deltaT: 1e-11
# ------------------------------ 
# Y_norm | T/Tlivre | P/Plivre | U/Ulivre | Mach
58.2457,0.999992,0.99997,1,3.99999
54.4881,0.999989,0.999962,1.00001,4.00002
50.73,0.999996,0.999974,1,4.00001
46.9735,1.00002,1.00004,1,4.00004
43.2163,1.00004,1.0001,0.99999,4.00003
39.4596,1.00005,1.00016,0.999986,3.99999
35.7005,1.00006,1.00016,0.999983,4.00019
31.9769,1.00084,1.00274,0.999862,4.00029
28.266,1.00359,1.00987,0.999458,4.00787
25.0661,1.02169,1.0697,0.996565,4.01754
21.8689,1.06456,1.19481,0.989282,4.11427
20.4762,1.18318,1.68124,0.968338,4.15043
14.7634,1.24694,1.73965,0.950429,4.34278
8.88053,1.42498,1.90582,0.919465,3.88827
1.97547,1.84207,1.27198,0.788417,3.2123
0.398953,2.14167,1.63772,0.476534,2.13651
# ------------------------------ 
# Resultados # no tempo t=4.539e-08
# ------------------------------ 
# erroPicard: 0.01
# deltaT: 1e-11
# ------------------------------ 
# Y_norm | T/Tlivre | P/Plivre | U/Ulivre | Mach
58.2457,0.999992,0.999971,1,3.99999
54.4881,0.999989,0.999963,1.00001,4.00002
50.73,0.999996,0.999973,1,4.00001
46.9735,1.00002,1.00004,1,4.00004
43.2162,1.00003,1.0001,0.99999,4.00003
39.4596,1.00005,1.00016,0.999986,3.99999
35.7005,1.00006,1.00016,0.999983,4.00019
31.9769,1.00084,1.00274,0.999862,4.00029
28.2661,1.00359,1.00988,0.999458,4.00787
25.0661,1.02169,1.0697,0.996565,4.01754
21.8688,1.06456,1.19481,0.989282,4.11427
20.4761,1.18318,1.68124,0.968337,4.15044
14.7633,1.24694,1.73965,0.950428,4.34278
8.88052,1.42498,1.90583,0.919465,3.88827
1.97547,1.84207,1.27198,0.788418,3.2123
0.398953,2.14167,1.63772,0.476534,2.13651
# ------------------------------ 
# Resultados # no tempo t=4.54e-08
# ------------------------------ 
# erroPicard: 0.01
# deltaT: 1e-11
# ------------------------------ 
# Y_norm | T/Tlivre | P/Plivre | U/Ulivre | Mach
58.2457,0.999992,0.999971,1,3.99999
54.4881,0.999989,0.999963,1.00001,4.00002
50.73,0.999996,0.999973,1,4.00001
46.9735,1.00002,1.00004,1,4.00004
43.2162,1.00003,1.00009,0.999991,4.00003
39.4596,1.00005,1.00015,0.999986,3.99999
35.7005,1.00006,1.00016,0.999983,4.00019
31.9769,1.00084,1.00274,0.999862,4.00029
28.2661,1.00359,1.00988,0.999458,4.00787
25.0661,1.02169,1.0697,0.996565,4.01754
21.8688,1.06457,1.19482,0.989281,4.11428
20.476,1.18318,1.68124,0.968337,4.15044
14.7632,1.24694,1.73965,0.950428,4.34279
8.88051,1.42498,1.90583,0.919466,3.88827
1.97548,1.84207,1.27198,0.788418,3.2123
0.398953,2.14167,1.63772,0.476534,2.13651
# ------------------------------ 
# Resultados # no tempo t=4.541e-08
# ------------------------------ 
# erroPicard: 0.01
# deltaT: 1e-11
# ------------------------------ 
# Y_norm | T/Tlivre | P/Plivre | U/Ulivre | Mach
58.2457,0.999992,0.999972,1,3.99999
54.4881,0.999989,0.999963,1.00001,4.00002
50.73,0.999996,0.999973,1,4.00001
46.9735,1.00002,1.00004,1,4.00004
43.2162,1.00003,1.00009,0.999991,4.00003
39.4596,1.00005,1.00015,0.999986,3.99999
35.7005,1.00006,1.00016,0.999983,4.00019
31.9769,1.00084,1.00274,0.999862,4.00029
28.2661,1.00359,1.00988,0.999458,4.00787
25.0661,1.02169,1.06971,0.996565,4.01754
21.8688,1.06457,1.19482,0.989281,4.11428
20.4759,1.18319,1.68124,0.968337,4.15045
14.7631,1.24695,1.73965,0.950427,4.34279
8.8805,1.42499,1.90583,0.919466,3.88827
1.97548,1.84207,1.27198,0.788418,3.2123
0.398954,2.14167,1.63772,0.476535,2.13651
# ------------------------------ 
# Resultados # no tempo t=4.542e-08
# ------------------------------ 
# erroPicard: 0.01
# deltaT: 1e-11
# ------------------------------ 
# Y_norm | T/Tlivre | P/Plivre | U/Ulivre | Mach
58.2457,0.999993,0.999972,1,3.99999
54.4881,0.999989,0.999964,1.00001,4.00002
50.73,0.999996,0.999972,1,4.00001
46.9735,1.00002,1.00004,1,4.00004
43.2162,1.00003,1.00009,0.999991,4.00003
39.4596,1.00005,1.00015,0.999987,3.99999
35.7005,1.00006,1.00016,0.999983,4.00019
31.9769,1.00084,1.00274,0.999862,4.00029
28.2661,1.00359,1.00988,0.999458,4.00787
25.0661,1.02169,1.06971,0.996565,4.01754
21.8687,1.06457,1.19482,0.989281,4.11429
20.4758,1.18319,1.68124,0.968336,4.15045
14.7631,1.24695,1.73965,0.950427,4.34279
8.88049,1.42499,1.90583,0.919466,3.88827
1.97548,1.84207,1.27198,0.788418,3.2123
0.398954,2.14167,1.63772,0.476535,2.13652
# ------------------------------ 
# Resultados # no tempo t=4.543e-08
# ------------------------------ 
# erroPicard: 0.01
# deltaT: 1e-11
# ------------------------------ 
# Y_norm | T/Tlivre | P/Plivre | U/Ulivre | Mach
58.2457,0.999993,0.999972,1,3.99999
54.4881,0.999989,0.999964,1.00001,4.00002
50.73,0.999996,0.999972,1,4.00001
46.9735,1.00002,1.00004,1,4.00004
43.2162,1.00003,1.00009,0.999991,4.00003
39.4595,1.00005,1.00015,0.999987,3.99999
35.7005,1.00006,1.00016,0.999983,4.00019
31.9769,1.00084,1.00274,0.999862,4.00029
28.2661,1.00359,1.00988,0.999458,4.00787
25.0661,1.02169,1.06971,0.996564,4.01755
21.8687,1.06457,1.19482,0.989281,4.11429
20.4758,1.18319,1.68125,0.968336,4.15046
14.763,1.24695,1.73965,0.950427,4.34279
8.88048,1.42499,1.90583,0.919467,3.88827
1.97548,1.84207,1.27198,0.788418,3.21231
0.398954,2.14167,1.63772,0.476535,2.13652
# ------------------------------ 
# Resultados # no tempo t=4.544e-08
# ------------------------------ 
# erroPicard: 0.01
# deltaT: 1e-11
# ------------------------------ 
# Y_norm | T/Tlivre | P/Plivre | U/Ulivre | Mach
58.2457,0.999993,0.999973,1,3.99999
54.4882,0.999989,0.999964,1.00001,4.00002
50.73,0.999996,0.999972,1,4.00001
46.9735,1.00002,1.00004,1,4.00004
43.2161,1.00003,1.00009,0.999991,4.00003
39.4595,1.00005,1.00015,0.999987,3.99999
35.7005,1.00006,1.00016,0.999983,4.00019
31.9769,1.00084,1.00274,0.999862,4.00029
28.2661,1.0036,1.00988,0.999458,4.00787
25.0661,1.02169,1.06971,0.996564,4.01755
21.8687,1.06457,1.19482,0.989281,4.11429
20.4757,1.18319,1.68125,0.968335,4.15046
14.7629,1.24695,1.73964,0.950426,4.3428
8.88047,1.42499,1.90583,0.919467,3.88827
1.97548,1.84207,1.27198,0.788418,3.21231
0.398954,2.14167,1.63772,0.476535,2.13652
# ------------------------------ 
# Resultados # no tempo t=4.545e-08
# ------------------------------ 
# erroPicard: 0.01
# deltaT: 1e-11
# ------------------------------ 
# Y_norm | T/Tlivre | P/Plivre | U/Ulivre | Mach
58.2457,0.999993,0.999973,1,3.99998
54.4882,0.999989,0.999965,1.00001,4.00002
50.73,0.999996,0.999971,1,4.00001
46.9735,1.00002,1.00004,1,4.00004
43.2161,1.00003,1.00009,0.999992,4.00003
39.4595,1.00005,1.00015,0.999987,3.99999
35.7005,1.00006,1.00016,0.999984,4.00019
31.9769,1.00084,1.00274,0.999862,4.00029
28.2661,1.0036,1.00988,0.999458,4.00787
25.0661,1.02169,1.06971,0.996564,4.01755
21.8686,1.06457,1.19482,0.98928,4.1143
20.4756,1.1832,1.68125,0.968335,4.15047
14.7629,1.24696,1.73964,0.950426,4.3428
8.88046,1.42499,1.90583,0.919467,3.88827
1.97548,1.84207,1.27198,0.788419,3.21231
0.398954,2.14167,1.63772,0.476535,2.13652
# ------------------------------ 
# Resultados # no tempo t=4.546e-08
# ------------------------------ 
# erroPicard: 0.01
# deltaT: 1e-11
# ------------------------------ 
# Y_norm | T/Tlivre | P/Plivre | U/Ulivre | Mach
58.2457,0.999993,0.999973,1,3.99998
54.4882,0.999989,0.999965,1.00001,4.00002
50.73,0.999996,0.999971,1,4.00001
46.9735,1.00002,1.00004,1,4.00004
43.2161,1.00003,1.00009,0.999992,4.00003
39.4595,1.00005,1.00015,0.999987,3.99999
35.7005,1.00006,1.00016,0.999984,4.00019
31.9769,1.00084,1.00274,0.999862,4.00029
28.2661,1.0036,1.00988,0.999457,4.00787
25.0661,1.0217,1.06972,0.996564,4.01755
21.8686,1.06457,1.19483,0.98928,4.1143
20.4755,1.1832,1.68125,0.968334,4.15047
14.7628,1.24696,1.73964,0.950426,4.34281
8.88045,1.42499,1.90583,0.919468,3.88827
1.97549,1.84207,1.27198,0.788419,3.21231
0.398955,2.14167,1.63772,0.476535,2.13652
# ------------------------------ 
# Resultados # no tempo t=4.547e-08
# ------------------------------ 
# erroPicard: 0.01
# deltaT: 1e-11
# ------------------------------ 
# Y_norm | T/Tlivre | P/Plivre | U/Ulivre | Mach
58.2457,0.999993,0.999974,1,3.99998
54.4882,0.999989,0.999966,1.00001,4.00002
50.73,0.999996,0.999971,1,4.00001
46.9735,1.00002,1.00004,1,4.00004
43.2161,1.00003,1.00009,0.999992,4.00003
39.4595,1.00004,1.00015,0.999988,3.99999
35.7005,1.00006,1.00016,0.999984,4.00019
31.9769,1.00085,1.00274,0.999861,4.00029
28.2662,1.0036,1.00988,0.999457,4.00787
25.0661,1.0217,1.06972,0.996564,4.01755
21.8686,1.06458,1.19483,0.98928,4.1143
20.4754,1.1832,1.68125,0.968334,4.15048
14.7627,1.24696,1.73964,0.950425,4.34281
8.88044,1.425,1.90583,0.919468,3.88827
1.97549,1.84207,1.27198,0.788419,3.21231
0.398955,2.14167,1.63772,0.476535,2.13652
# ------------------------------ 
# Resultados # no tempo t=4.548e-08
# ------------------------------ 
# erroPicard: 0.01
# deltaT: 1e-11
# ------------------------------ 
# Y_norm | T/Tlivre | P/Plivre | U/Ulivre | Mach
58.2457,0.999993,0.999974,1,3.99998
54.4882,0.999989,0.999966,1.00001,4.00002
50.73,0.999996,0.999971,1,4.00001
46.9735,1.00002,1.00004,1,4.00004
43.2161,1.00003,1.00009,0.999992,4.00003
39.4594,1.00004,1.00015,0.999988,3.99999
35.7005,1.00006,1.00016,0.999984,4.00019
31.9769,1.00085,1.00274,0.999861,4.00029
28.2662,1.0036,1.00988,0.999457,4.00787
25.0662,1.0217,1.06972,0.996564,4.01755
21.8685,1.06458,1.19483,0.98928,4.11431
20.4753,1.1832,1.68125,0.968334,4.15048
14.7626,1.24696,1.73964,0.950425,4.34281
8.88044,1.425,1.90584,0.919468,3.88827
1.97549,1.84207,1.27198,0.788419,3.21231
0.398955,2.14167,1.63772,0.476535,2.13652
# ------------------------------ 
# Resultados # no tempo t=4.549e-08
# ------------------------------ 
# erroPicard: 0.01
# deltaT: 1e-11
# ------------------------------ 
# Y_norm | T/Tlivre | P/Plivre | U/Ulivre | Mach
58.2457,0.999993,0.999974,1,3.99998
54.4882,0.999989,0.999967,1.00001,4.00002
50.73,0.999995,0.99997,1,4.00001
46.9735,1.00002,1.00004,1,4.00004
43.216,1.00003,1.00008,0.999993,4.00003
39.4594,1.00004,1.00014,0.999988,3.99999
35.7005,1.00006,1.00016,0.999984,4.00019
31.9768,1.00085,1.00274,0.999861,4.00029
28.2662,1.0036,1.00989,0.999457,4.00787
25.0662,1.0217,1.06972,0.996564,4.01756
21.8685,1.06458,1.19483,0.989279,4.11431
20.4752,1.18321,1.68125,0.968333,4.15049
14.7626,1.24697,1.73964,0.950425,4.34282
8.88043,1.425,1.90584,0.919469,3.88828
1.97549,1.84207,1.27198,0.788419,3.21231
0.398955,2.14167,1.63773,0.476535,2.13652
# ------------------------------ 
# Resultados # no tempo t=4.55e-08
# ------------------------------ 
# erroPicard: 0.01
# deltaT: 1e-11
# ------------------------------ 
# Y_norm | T/Tlivre | P/Plivre | U/Ulivre | Mach
58.2457,0.999994,0.999975,1,3.99998
54.4882,0.99999,0.999967,1.00001,4.00002
50.73,0.999995,0.99997,1,4.00001
46.9735,1.00002,1.00004,1,4.00004
43.216,1.00003,1.00008,0.999993,4.00003
39.4594,1.00004,1.00014,0.999988,3.99999
35.7005,1.00006,1.00016,0.999984,4.00019
31.9768,1.00085,1.00274,0.999861,4.00029
28.2662,1.0036,1.00989,0.999457,4.00787
25.0662,1.0217,1.06972,0.996564,4.01756
21.8685,1.06458,1.19483,0.989279,4.11431
20.4751,1.18321,1.68125,0.968333,4.15049
14.7625,1.24697,1.73964,0.950425,4.34282
8.88042,1.425,1.90584,0.919469,3.88828
1.97549,1.84207,1.27198,0.788419,3.21231
0.398955,2.14167,1.63773,0.476535,2.13652
# ------------------------------ 
# Resultados # no tempo t=4.551e-08
# ------------------------------ 
# erroPicard: 0.01
# deltaT: 1e-11
# ------------------------------ 
# Y_norm | T/Tlivre | P/Plivre | U/Ulivre | Mach
58.2457,0.999994,0.999975,1,3.99998
54.4883,0.99999,0.999968,1.00001,4.00002
50.73,0.999995,0.99997,1,4.00001
46.9735,1.00002,1.00004,1,4.00004
43.216,1.00003,1.00008,0.999993,4.00003
39.4594,1.00004,1.00014,0.999988,3.99999
35.7005,1.00006,1.00016,0.999984,4.00019
31.9768,1.00085,1.00274,0.999861,4.00029
28.2662,1.0036,1.00989,0.999457,4.00787
25.0662,1.0217,1.06972,0.996564,4.01756
21.8684,1.06458,1.19483,0.989279,4.11432
20.4751,1.18321,1.68125,0.968332,4.1505
14.7625,1.24697,1.73963,0.950425,4.34282
8.88042,1.425,1.90584,0.91947,3.88828
1.97549,1.84207,1.27198,0.788419,3.21232
0.398956,2.14168,1.63773,0.476535,2.13652
# ------------------------------ 
# Resultados # no tempo t=4.552e-08
# ------------------------------ 
# erroPicard: 0.01
# deltaT: 1e-11
# ------------------------------ 
# Y_norm | T/Tlivre | P/Plivre | U/Ulivre | Mach
58.2457,0.999994,0.999975,1,3.99998
54.4883,0.99999,0.999968,1.00001,4.00002
50.73,0.999995,0.99997,1,4.00001
46.9735,1.00002,1.00004,1,4.00004
43.216,1.00003,1.00008,0.999993,4.00004
39.4594,1.00004,1.00014,0.999988,3.99999
35.7005,1.00006,1.00016,0.999984,4.00019
31.9768,1.00085,1.00274,0.999861,4.00029
28.2662,1.0036,1.00989,0.999457,4.00787
25.0662,1.0217,1.06973,0.996564,4.01756
21.8684,1.06458,1.19484,0.989278,4.11432
20.475,1.18322,1.68125,0.968332,4.1505
14.7624,1.24697,1.73963,0.950425,4.34283
8.88041,1.425,1.90584,0.91947,3.88828
1.97549,1.84207,1.27198,0.788419,3.21232
0.398956,2.14168,1.63773,0.476536,2.13652
# ------------------------------ 
# Resultados # no tempo t=4.553e-08
# ------------------------------ 
# erroPicard: 0.01
# deltaT: 1e-11
# ------------------------------ 
# Y_norm | T/Tlivre | P/Plivre | U/Ulivre | Mach
58.2457,0.999994,0.999976,1,3.99998
54.4883,0.99999,0.999969,1.00001,4.00002
50.73,0.999995,0.99997,1,4.00001
46.9735,1.00002,1.00004,1,4.00004
43.216,1.00003,1.00008,0.999993,4.00004
39.4593,1.00004,1.00014,0.999989,4
35.7005,1.00006,1.00016,0.999985,4.00019
31.9768,1.00085,1.00274,0.999861,4.0003
28.2662,1.0036,1.00989,0.999457,4.00788
25.0662,1.0217,1.06973,0.996563,4.01756
21.8684,1.06459,1.19484,0.989278,4.11432
20.4749,1.18322,1.68125,0.968331,4.15051
14.7623,1.24698,1.73963,0.950425,4.34283
8.8804,1.42501,1.90584,0.91947,3.88828
1.97549,1.84207,1.27198,0.788419,3.21232
0.398956,2.14168,1.63773,0.476536,2.13652
# ------------------------------ 
# Resultados # no tempo t=4.554e-08
# ------------------------------ 
# erroPicard: 0.01
# deltaT: 1e-11
# ------------------------------ 
# Y_norm | T/Tlivre | P/Plivre | U/Ulivre | Mach
58.2457,0.999994,0.999976,1,3.99998
54.4883,0.99999,0.999969,1.00001,4.00002
50.73,0.999995,0.99997,1,4.00001
46.9735,1.00002,1.00003,1,4.00004
43.216,1.00003,1.00008,0.999994,4.00004
39.4593,1.00004,1.00014,0.999989,4
35.7005,1.00006,1.00016,0.999985,4.00019
31.9768,1.00085,1.00274,0.999861,4.0003
28.2662,1.0036,1.00989,0.999456,4.00788
25.0662,1.0217,1.06973,0.996563,4.01756
21.8683,1.06459,1.19484,0.989277,4.11432
20.4748,1.18322,1.68125,0.968331,4.15051
14.7623,1.24698,1.73963,0.950424,4.34284
8.8804,1.42501,1.90584,0.919471,3.88828
1.9755,1.84207,1.27198,0.78842,3.21232
0.398956,2.14168,1.63773,0.476536,2.13653
# ------------------------------ 
# Resultados # no tempo t=4.555e-08
# ------------------------------ 
# erroPicard: 0.01
# deltaT: 1e-11
# ------------------------------ 
# Y_norm | T/Tlivre | P/Plivre | U/Ulivre | Mach
58.2457,0.999994,0.999976,1,3.99998
54.4883,0.99999,0.99997,1.00001,4.00002
50.73,0.999995,0.999969,1,4.00001
46.9735,1.00002,1.00003,1,4.00004
43.216,1.00003,1.00008,0.999994,4.00004
39.4593,1.00004,1.00014,0.999989,4
35.7005,1.00006,1.00016,0.999985,4.00019
31.9768,1.00085,1.00274,0.999861,4.0003
28.2662,1.0036,1.00989,0.999456,4.00788
25.0662,1.0217,1.06973,0.996563,4.01756
21.8683,1.06459,1.19484,0.989277,4.11433
20.4747,1.18322,1.68125,0.96833,4.15052
14.7622,1.24698,1.73963,0.950424,4.34284
8.88039,1.42501,1.90585,0.919471,3.88828
1.9755,1.84207,1.27198,0.78842,3.21232
0.398956,2.14168,1.63773,0.476536,2.13653
# ------------------------------ 
# Resultados # no tempo t=4.556e-08
# ------------------------------ 
# erroPicard: 0.01
# deltaT: 1e-11
# ------------------------------ 
# Y_norm | T/Tlivre | P/Plivre | U/Ulivre | Mach
58.2457,0.999994,0.999977,1,3.99998
54.4883,0.99999,0.99997,1.00001,4.00002
50.73,0.999995,0.999969,1,4.00001
46.9735,1.00002,1.00003,1,4.00004
43.2159,1.00003,1.00008,0.999994,4.00004
39.4593,1.00004,1.00013,0.999989,4
35.7005,1.00006,1.00016,0.999985,4.00019
31.9768,1.00085,1.00274,0.999861,4.0003
28.2662,1.0036,1.00989,0.999456,4.00788
25.0662,1.0217,1.06973,0.996563,4.01756
21.8683,1.06459,1.19484,0.989277,4.11433
20.4747,1.18323,1.68125,0.96833,4.15052
14.7621,1.24698,1.73963,0.950424,4.34284
8.88039,1.42501,1.90585,0.919472,3.88828
1.9755,1.84207,1.27198,0.78842,3.21232
0.398956,2.14168,1.63773,0.476536,2.13653
# ------------------------------ 
# Resultados # no tempo t=4.557e-08
# ------------------------------ 
# erroPicard: 0.01
# deltaT: 1e-11
# ------------------------------ 
# Y_norm | T/Tlivre | P/Plivre | U/Ulivre | Mach
58.2457,0.999994,0.999977,1,3.99998
54.4883,0.99999,0.999971,1.00001,4.00002
50.73,0.999995,0.999969,1,4.00001
46.9735,1.00002,1.00003,1,4.00004
43.2159,1.00003,1.00008,0.999994,4.00004
39.4593,1.00004,1.00013,0.999989,4
35.7005,1.00006,1.00016,0.999985,4.00019
31.9768,1.00085,1.00274,0.999861,4.0003
28.2662,1.0036,1.00989,0.999456,4.00788
25.0662,1.0217,1.06974,0.996563,4.01757
21.8682,1.06459,1.19484,0.989276,4.11433
20.4746,1.18323,1.68125,0.968329,4.15053
14.7621,1.24699,1.73963,0.950424,4.34285
8.88039,1.42501,1.90585,0.919472,3.88829
1.9755,1.84207,1.27198,0.78842,3.21232
0.398957,2.14168,1.63773,0.476536,2.13653
# ------------------------------ 
# Resultados # no tempo t=4.558e-08
# ------------------------------ 
# erroPicard: 0.01
# deltaT: 1e-11
# ------------------------------ 
# Y_norm | T/Tlivre | P/Plivre | U/Ulivre | Mach
58.2457,0.999994,0.999977,0.999999,3.99998
54.4884,0.99999,0.999971,1.00001,4.00002
50.73,0.999995,0.999969,1,4.00001
46.9735,1.00001,1.00003,1,4.00004
43.2159,1.00003,1.00007,0.999995,4.00004
39.4592,1.00004,1.00013,0.99999,4
35.7005,1.00006,1.00016,0.999985,4.00019
31.9768,1.00085,1.00274,0.999861,4.0003
28.2662,1.0036,1.00989,0.999456,4.00788
25.0662,1.02171,1.06974,0.996563,4.01757
21.8682,1.06459,1.19485,0.989276,4.11433
20.4745,1.18323,1.68125,0.968329,4.15053
14.762,1.24699,1.73963,0.950424,4.34285
8.88038,1.42501,1.90585,0.919473,3.88829
1.9755,1.84206,1.27198,0.78842,3.21232
0.398957,2.14168,1.63773,0.476536,2.13653
# ------------------------------ 
# Resultados # no tempo t=4.559e-08
# ------------------------------ 
# erroPicard: 0.01
# deltaT: 1e-11
# ------------------------------ 
# Y_norm | T/Tlivre | P/Plivre | U/Ulivre | Mach
58.2457,0.999995,0.999977,0.999999,3.99998
54.4884,0.999991,0.999972,1.00001,4.00002
50.73,0.999995,0.999969,1,4.00001
46.9735,1.00001,1.00003,1,4.00004
43.2159,1.00003,1.00007,0.999995,4.00004
39.4592,1.00004,1.00013,0.99999,4
35.7005,1.00006,1.00016,0.999985,4.00019
31.9768,1.00085,1.00274,0.999861,4.0003
28.2662,1.0036,1.00989,0.999456,4.00788
25.0662,1.02171,1.06974,0.996562,4.01757
21.8682,1.06459,1.19485,0.989275,4.11434
20.4744,1.18323,1.68125,0.968328,4.15053
14.762,1.24699,1.73962,0.950424,4.34286
8.88038,1.42502,1.90585,0.919473,3.88829
1.9755,1.84206,1.27198,0.78842,3.21233
0.398957,2.14168,1.63773,0.476536,2.13653
# ------------------------------ 
# Resultados # no tempo t=4.56e-08
# ------------------------------ 
# erroPicard: 0.01
# deltaT: 1e-11
# ------------------------------ 
# Y_norm | T/Tlivre | P/Plivre | U/Ulivre | Mach
58.2457,0.999995,0.999978,0.999999,3.99998
54.4884,0.999991,0.999973,1.00001,4.00002
50.73,0.999995,0.999969,1,4.00001
46.9735,1.00001,1.00003,1,4.00004
43.2159,1.00003,1.00007,0.999995,4.00004
39.4592,1.00004,1.00013,0.99999,4
35.7005,1.00006,1.00016,0.999985,4.00019
31.9768,1.00085,1.00274,0.999861,4.0003
28.2663,1.0036,1.00989,0.999455,4.00788
25.0662,1.02171,1.06974,0.996562,4.01757
21.8681,1.0646,1.19485,0.989275,4.11434
20.4744,1.18324,1.68126,0.968328,4.15054
14.7619,1.24699,1.73962,0.950425,4.34286
8.88038,1.42502,1.90586,0.919474,3.88829
1.9755,1.84206,1.27198,0.78842,3.21233
0.398957,2.14168,1.63773,0.476536,2.13653
# ------------------------------ 
# Resultados # no tempo t=4.561e-08
# ------------------------------ 
# erroPicard: 0.01
# deltaT: 1e-11
# ------------------------------ 
# Y_norm | T/Tlivre | P/Plivre | U/Ulivre | Mach
58.2457,0.999995,0.999978,0.999999,3.99998
54.4884,0.999991,0.999973,1.00001,4.00002
50.73,0.999995,0.999969,1,4.00001
46.9735,1.00001,1.00003,1,4.00004
43.2159,1.00003,1.00007,0.999995,4.00004
39.4592,1.00004,1.00013,0.99999,4
35.7004,1.00006,1.00016,0.999986,4.00019
31.9768,1.00085,1.00274,0.999861,4.0003
28.2663,1.0036,1.00989,0.999455,4.00788
25.0662,1.02171,1.06974,0.996562,4.01757
21.8681,1.0646,1.19485,0.989274,4.11434
20.4743,1.18324,1.68126,0.968328,4.15054
14.7619,1.247,1.73962,0.950425,4.34286
8.88038,1.42502,1.90586,0.919475,3.88829
1.9755,1.84206,1.27198,0.78842,3.21233
0.398957,2.14168,1.63773,0.476536,2.13653
# ------------------------------ 
# Resultados # no tempo t=4.562e-08
# ------------------------------ 
# erroPicard: 0.01
# deltaT: 1e-11
# ------------------------------ 
# Y_norm | T/Tlivre | P/Plivre | U/Ulivre | Mach
58.2457,0.999995,0.999978,0.999999,3.99998
54.4884,0.999991,0.999974,1.00001,4.00002
50.73,0.999995,0.999969,1,4.00001
46.9735,1.00001,1.00003,1,4.00004
43.2159,1.00003,1.00007,0.999995,4.00004
39.4591,1.00004,1.00013,0.99999,4
35.7004,1.00006,1.00016,0.999986,4.00019
31.9767,1.00085,1.00274,0.999861,4.0003
28.2663,1.0036,1.00989,0.999455,4.00788
25.0663,1.02171,1.06975,0.996562,4.01757
21.8681,1.0646,1.19485,0.989274,4.11434
20.4742,1.18324,1.68126,0.968327,4.15055
14.7618,1.247,1.73962,0.950425,4.34287
8.88037,1.42502,1.90586,0.919475,3.88829
1.9755,1.84206,1.27198,0.78842,3.21233
0.398957,2.14168,1.63773,0.476536,2.13653
# ------------------------------ 
# Resultados # no tempo t=4.563e-08
# ------------------------------ 
# erroPicard: 0.01
# deltaT: 1e-11
# ------------------------------ 
# Y_norm | T/Tlivre | P/Plivre | U/Ulivre | Mach
58.2457,0.999995,0.999979,0.999999,3.99998
54.4884,0.999991,0.999974,1.00001,4.00002
50.73,0.999995,0.999969,1,4.00001
46.9735,1.00001,1.00003,1,4.00004
43.2158,1.00003,1.00007,0.999996,4.00004
39.4591,1.00004,1.00012,0.99999,4
35.7004,1.00006,1.00016,0.999986,4.00019
31.9767,1.00085,1.00274,0.999861,4.0003
28.2663,1.0036,1.0099,0.999455,4.00788
25.0663,1.02171,1.06975,0.996562,4.01757
21.868,1.0646,1.19486,0.989273,4.11435
20.4741,1.18324,1.68126,0.968327,4.15055
14.7618,1.247,1.73962,0.950425,4.34287
8.88037,1.42502,1.90586,0.919476,3.88829
1.9755,1.84206,1.27198,0.78842,3.21233
0.398957,2.14168,1.63773,0.476536,2.13653
# ------------------------------ 
# Resultados # no tempo t=4.564e-08
# ------------------------------ 
# erroPicard: 0.01
# deltaT: 1e-11
# ------------------------------ 
# Y_norm | T/Tlivre | P/Plivre | U/Ulivre | Mach
58.2457,0.999995,0.999979,0.999999,3.99998
54.4885,0.999991,0.999975,1.00001,4.00002
50.73,0.999995,0.999969,1,4.00001
46.9735,1.00001,1.00003,1,4.00004
43.2158,1.00003,1.00007,0.999996,4.00004
39.4591,1.00004,1.00012,0.999991,4
35.7004,1.00006,1.00015,0.999986,4.00019
31.9767,1.00085,1.00274,0.999861,4.0003
28.2663,1.0036,1.0099,0.999455,4.00788
25.0663,1.02171,1.06975,0.996561,4.01757
21.868,1.0646,1.19486,0.989273,4.11435
20.4741,1.18324,1.68126,0.968326,4.15055
14.7617,1.247,1.73962,0.950425,4.34288
8.88037,1.42502,1.90586,0.919476,3.88829
1.9755,1.84206,1.27198,0.78842,3.21233
0.398957,2.14168,1.63773,0.476536,2.13653
# ------------------------------ 
# Resultados # no tempo t=4.565e-08
# ------------------------------ 
# erroPicard: 0.01
# deltaT: 1e-11
# ------------------------------ 
# Y_norm | T/Tlivre | P/Plivre | U/Ulivre | Mach
58.2457,0.999995,0.999979,0.999999,3.99998
54.4885,0.999991,0.999976,1.00001,4.00002
50.73,0.999995,0.999969,1,4.00001
46.9735,1.00001,1.00003,1,4.00004
43.2158,1.00003,1.00007,0.999996,4.00004
39.4591,1.00004,1.00012,0.999991,4
35.7004,1.00006,1.00015,0.999986,4.00019
31.9767,1.00085,1.00274,0.999861,4.0003
28.2663,1.0036,1.0099,0.999454,4.00788
25.0663,1.02171,1.06975,0.996561,4.01757
21.868,1.0646,1.19486,0.989272,4.11435
20.474,1.18325,1.68126,0.968326,4.15056
14.7617,1.247,1.73962,0.950425,4.34288
8.88037,1.42503,1.90587,0.919477,3.8883
1.9755,1.84206,1.27198,0.78842,3.21233
0.398957,2.14168,1.63773,0.476536,2.13653
# ------------------------------ 
# Resultados # no tempo t=4.566e-08
# ------------------------------ 
# erroPicard: 0.01
# deltaT: 1e-11
# ------------------------------ 
# Y_norm | T/Tlivre | P/Plivre | U/Ulivre | Mach
58.2457,0.999995,0.999979,0.999999,3.99998
54.4885,0.999992,0.999976,1.00001,4.00002
50.73,0.999995,0.999969,1,4.00001
46.9735,1.00001,1.00003,1,4.00005
43.2158,1.00003,1.00007,0.999996,4.00004
39.4591,1.00004,1.00012,0.999991,4
35.7004,1.00006,1.00015,0.999986,4.00019
31.9767,1.00085,1.00274,0.999861,4.0003
28.2663,1.0036,1.0099,0.999454,4.00788
25.0663,1.02171,1.06975,0.996561,4.01757
21.868,1.0646,1.19486,0.989271,4.11435
20.4739,1.18325,1.68126,0.968325,4.15056
14.7616,1.24701,1.73962,0.950426,4.34288
8.88037,1.42503,1.90587,0.919477,3.8883
1.9755,1.84206,1.27198,0.78842,3.21233
0.398957,2.14168,1.63773,0.476536,2.13653
# ------------------------------ 
# Resultados # no tempo t=4.567e-08
# ------------------------------ 
# erroPicard: 0.01
# deltaT: 1e-11
# ------------------------------ 
# Y_norm | T/Tlivre | P/Plivre | U/Ulivre | Mach
58.2457,0.999995,0.99998,0.999999,3.99998
54.4885,0.999992,0.999977,1.00001,4.00002
50.73,0.999995,0.999969,1,4.00001
46.9735,1.00001,1.00003,1,4.00005
43.2158,1.00003,1.00007,0.999996,4.00004
39.459,1.00004,1.00012,0.999991,4
35.7004,1.00006,1.00015,0.999986,4.00019
31.9767,1.00085,1.00274,0.999861,4.0003
28.2663,1.0036,1.0099,0.999454,4.00788
25.0663,1.02171,1.06976,0.996561,4.01757
21.8679,1.06461,1.19486,0.989271,4.11435
20.4739,1.18325,1.68126,0.968325,4.15057
14.7616,1.24701,1.73962,0.950426,4.34289
8.88037,1.42503,1.90587,0.919478,3.8883
1.97551,1.84206,1.27198,0.78842,3.21234
0.398957,2.14168,1.63773,0.476536,2.13653
# ------------------------------ 
# Resultados # no tempo t=4.568e-08
# ------------------------------ 
# erroPicard: 0.01
# deltaT: 1e-11
# ------------------------------ 
# Y_norm | T/Tlivre | P/Plivre | U/Ulivre | Mach
58.2457,0.999995,0.99998,0.999999,3.99998
54.4885,0.999992,0.999978,1.00001,4.00002
50.73,0.999995,0.999969,1,4.00001
46.9735,1.00001,1.00003,1,4.00005
43.2158,1.00003,1.00006,0.999997,4.00004
39.459,1.00004,1.00012,0.999991,4
35.7004,1.00006,1.00015,0.999987,4.00019
31.9767,1.00085,1.00274,0.999861,4.0003
28.2663,1.0036,1.0099,0.999454,4.00788
25.0663,1.02171,1.06976,0.99656,4.01758
21.8679,1.06461,1.19486,0.98927,4.11436
20.4738,1.18325,1.68126,0.968324,4.15057
14.7616,1.24701,1.73962,0.950426,4.34289
8.88037,1.42503,1.90587,0.919479,3.8883
1.97551,1.84206,1.27198,0.78842,3.21234
0.398958,2.14168,1.63773,0.476536,2.13653
# ------------------------------ 
# Resultados # no tempo t=4.569e-08
# ------------------------------ 
# erroPicard: 0.01
# deltaT: 1e-11
# ------------------------------ 
# Y_norm | T/Tlivre | P/Plivre | U/Ulivre | Mach
58.2457,0.999996,0.99998,0.999999,3.99998
54.4886,0.999992,0.999978,1.00001,4.00002
50.73,0.999995,0.999969,1,4.00001
46.9735,1.00001,1.00003,1,4.00005
43.2158,1.00003,1.00006,0.999997,4.00004
39.459,1.00004,1.00012,0.999991,4
35.7004,1.00006,1.00015,0.999987,4.00019
31.9767,1.00085,1.00274,0.999861,4.0003
28.2663,1.0036,1.0099,0.999454,4.00788
25.0663,1.02171,1.06976,0.99656,4.01758
21.8679,1.06461,1.19487,0.98927,4.11436
20.4738,1.18326,1.68126,0.968324,4.15057
14.7615,1.24701,1.73962,0.950426,4.3429
8.88037,1.42503,1.90588,0.919479,3.8883
1.97551,1.84206,1.27198,0.78842,3.21234
0.398958,2.14168,1.63773,0.476536,2.13653
# ------------------------------ 
# Resultados # no tempo t=4.57e-08
# ------------------------------ 
# erroPicard: 0.01
# deltaT: 1e-11
# ------------------------------ 
# Y_norm | T/Tlivre | P/Plivre | U/Ulivre | Mach
58.2457,0.999996,0.99998,0.999998,3.99998
54.4886,0.999992,0.999979,1.00001,4.00002
50.73,0.999995,0.999969,1,4.00001
46.9735,1.00001,1.00003,1,4.00005
43.2158,1.00003,1.00006,0.999997,4.00004
39.459,1.00004,1.00011,0.999992,4
35.7004,1.00006,1.00015,0.999987,4.00019
31.9767,1.00085,1.00274,0.999861,4.0003
28.2663,1.0036,1.0099,0.999453,4.00788
25.0663,1.02171,1.06976,0.99656,4.01758
21.8679,1.06461,1.19487,0.989269,4.11436
20.4737,1.18326,1.68126,0.968323,4.15058
14.7615,1.24701,1.73962,0.950427,4.3429
8.88038,1.42503,1.90588,0.91948,3.8883
1.97551,1.84206,1.27198,0.78842,3.21234
0.398958,2.14168,1.63773,0.476536,2.13653
# ------------------------------ 
# Resultados # no tempo t=4.571e-08
# ------------------------------ 
# erroPicard: 0.01
# deltaT: 1e-11
# ------------------------------ 
# Y_norm | T/Tlivre | P/Plivre | U/Ulivre | Mach
58.2457,0.999996,0.99998,0.999998,3.99998
54.4886,0.999992,0.99998,1,4.00002
50.73,0.999995,0.999969,1,4.00001
46.9735,1.00001,1.00003,1,4.00005
43.2157,1.00003,1.00006,0.999997,4.00004
39.4589,1.00004,1.00011,0.999992,4
35.7004,1.00006,1.00015,0.999987,4.00019
31.9767,1.00085,1.00274,0.999861,4.0003
28.2663,1.0036,1.0099,0.999453,4.00788
25.0663,1.02172,1.06976,0.996559,4.01758
21.8678,1.06461,1.19487,0.989268,4.11436
20.4736,1.18326,1.68126,0.968323,4.15058
14.7614,1.24702,1.73962,0.950427,4.34291
8.88038,1.42503,1.90588,0.91948,3.8883
1.97551,1.84206,1.27198,0.78842,3.21234
0.398958,2.14168,1.63773,0.476536,2.13654
# ------------------------------ 
# Resultados # no tempo t=4.572e-08
# ------------------------------ 
# erroPicard: 0.01
# deltaT: 1e-11
# ------------------------------ 
# Y_norm | T/Tlivre | P/Plivre | U/Ulivre | Mach
58.2457,0.999996,0.999981,0.999998,3.99998
54.4886,0.999993,0.999981,1,4.00002
50.73,0.999995,0.999969,1,4.00001
46.9735,1.00001,1.00003,1,4.00005
43.2157,1.00003,1.00006,0.999998,4.00004
39.4589,1.00004,1.00011,0.999992,4
35.7004,1.00006,1.00015,0.999987,4.00019
31.9766,1.00085,1.00274,0.999861,4.0003
28.2663,1.0036,1.0099,0.999453,4.00788
25.0663,1.02172,1.06977,0.996559,4.01758
21.8678,1.06461,1.19487,0.989268,4.11436
20.4736,1.18326,1.68127,0.968322,4.15058
14.7614,1.24702,1.73962,0.950427,4.34291
8.88038,1.42504,1.90588,0.919481,3.88831
1.97551,1.84206,1.27198,0.78842,3.21234
0.398958,2.14168,1.63773,0.476536,2.13654
# ------------------------------ 
# Resultados # no tempo t=4.573e-08
# ------------------------------ 
# erroPicard: 0.01
# deltaT: 1e-11
# ------------------------------ 
# Y_norm | T/Tlivre | P/Plivre | U/Ulivre | Mach
58.2457,0.999996,0.999981,0.999998,3.99998
54.4886,0.999993,0.999981,1,4.00002
50.73,0.999995,0.999969,1,4.00001
46.9735,1.00001,1.00003,1,4.00005
43.2157,1.00003,1.00006,0.999998,4.00005
39.4589,1.00004,1.00011,0.999992,4
35.7004,1.00006,1.00015,0.999987,4.00019
31.9766,1.00085,1.00274,0.999861,4.0003
28.2663,1.0036,1.0099,0.999453,4.00788
25.0663,1.02172,1.06977,0.996559,4.01758
21.8678,1.06461,1.19487,0.989267,4.11436
20.4735,1.18326,1.68127,0.968322,4.15059
14.7614,1.24702,1.73961,0.950428,4.34291
8.88038,1.42504,1.90588,0.919482,3.88831
1.97551,1.84206,1.27198,0.78842,3.21234
0.398958,2.14168,1.63773,0.476536,2.13654
# ------------------------------ 
# Resultados # no tempo t=4.574e-08
# ------------------------------ 
# erroPicard: 0.01
# deltaT: 1e-11
# ------------------------------ 
# Y_norm | T/Tlivre | P/Plivre | U/Ulivre | Mach
58.2457,0.999996,0.999981,0.999998,3.99998
54.4887,0.999993,0.999982,1,4.00002
50.73,0.999995,0.999969,1,4.00001
46.9735,1.00001,1.00003,1,4.00005
43.2157,1.00002,1.00006,0.999998,4.00005
39.4589,1.00003,1.00011,0.999992,4
35.7004,1.00006,1.00015,0.999987,4.00019
31.9766,1.00085,1.00274,0.999861,4.0003
28.2663,1.0036,1.0099,0.999453,4.00788
25.0663,1.02172,1.06977,0.996559,4.01758
21.8677,1.06462,1.19488,0.989266,4.11436
20.4735,1.18327,1.68127,0.968321,4.15059
14.7613,1.24702,1.73961,0.950428,4.34292
8.88039,1.42504,1.90589,0.919482,3.88831
1.97551,1.84206,1.27198,0.78842,3.21234
0.398958,2.14168,1.63773,0.476536,2.13654
# ------------------------------ 
# Resultados # no tempo t=4.575e-08
# ------------------------------ 
# erroPicard: 0.01
# deltaT: 1e-11
# ------------------------------ 
# Y_norm | T/Tlivre | P/Plivre | U/Ulivre | Mach
58.2457,0.999996,0.999981,0.999998,3.99998
54.4887,0.999993,0.999983,1,4.00002
50.73,0.999995,0.999969,1,4.00001
46.9735,1.00001,1.00003,1,4.00005
43.2157,1.00002,1.00006,0.999998,4.00005
39.4588,1.00003,1.00011,0.999993,4
35.7004,1.00006,1.00015,0.999988,4.00019
31.9766,1.00085,1.00274,0.999861,4.0003
28.2663,1.0036,1.0099,0.999452,4.00788
25.0664,1.02172,1.06977,0.996558,4.01758
21.8677,1.06462,1.19488,0.989265,4.11437
20.4734,1.18327,1.68127,0.968321,4.15059
14.7613,1.24702,1.73961,0.950429,4.34292
8.88039,1.42504,1.90589,0.919483,3.88831
1.97551,1.84206,1.27198,0.78842,3.21234
0.398958,2.14168,1.63773,0.476536,2.13654
# ------------------------------ 
# Resultados # no tempo t=4.576e-08
# ------------------------------ 
# erroPicard: 0.01
# deltaT: 1e-11
# ------------------------------ 
# Y_norm | T/Tlivre | P/Plivre | U/Ulivre | Mach
58.2457,0.999996,0.999981,0.999998,3.99998
54.4887,0.999993,0.999983,1,4.00002
50.73,0.999995,0.999969,1,4.00001
46.9735,1.00001,1.00003,1,4.00005
43.2157,1.00002,1.00006,0.999998,4.00005
39.4588,1.00003,1.00011,0.999993,4
35.7004,1.00006,1.00015,0.999988,4.00019
31.9766,1.00085,1.00274,0.999861,4.0003
28.2663,1.0036,1.0099,0.999452,4.00788
25.0664,1.02172,1.06977,0.996558,4.01758
21.8677,1.06462,1.19488,0.989265,4.11437
20.4734,1.18327,1.68127,0.96832,4.15059
14.7613,1.24702,1.73961,0.950429,4.34293
8.8804,1.42504,1.90589,0.919484,3.88831
1.97551,1.84206,1.27198,0.788419,3.21234
0.398958,2.14168,1.63773,0.476536,2.13654
# ------------------------------ 
# Resultados # no tempo t=4.577e-08
# ------------------------------ 
# erroPicard: 0.01
# deltaT: 1e-11
# ------------------------------ 
# Y_norm | T/Tlivre | P/Plivre | U/Ulivre | Mach
58.2457,0.999996,0.999982,0.999998,3.99998
54.4887,0.999993,0.999984,1,4.00002
50.73,0.999995,0.999969,1,4.00001
46.9735,1.00001,1.00003,1,4.00005
43.2157,1.00002,1.00006,0.999999,4.00005
39.4588,1.00003,1.0001,0.999993,4
35.7004,1.00006,1.00015,0.999988,4.00019
31.9766,1.00085,1.00274,0.999861,4.0003
28.2663,1.0036,1.0099,0.999452,4.00788
25.0664,1.02172,1.06978,0.996558,4.01758
21.8677,1.06462,1.19488,0.989264,4.11437
20.4733,1.18327,1.68127,0.96832,4.1506
14.7612,1.24703,1.73961,0.95043,4.34293
8.8804,1.42504,1.90589,0.919484,3.88831
1.97551,1.84206,1.27198,0.788419,3.21234
0.398958,2.14168,1.63773,0.476536,2.13654
# ------------------------------ 
# Resultados # no tempo t=4.578e-08
# ------------------------------ 
# erroPicard: 0.01
# deltaT: 1e-11
# ------------------------------ 
# Y_norm | T/Tlivre | P/Plivre | U/Ulivre | Mach
58.2457,0.999996,0.999982,0.999998,3.99998
54.4887,0.999994,0.999985,1,4.00002
50.73,0.999995,0.99997,1,4.00001
46.9735,1.00001,1.00003,1,4.00005
43.2157,1.00002,1.00006,0.999999,4.00005
39.4588,1.00003,1.0001,0.999993,4
35.7003,1.00006,1.00015,0.999988,4.00019
31.9766,1.00085,1.00274,0.999861,4.0003
28.2663,1.0036,1.0099,0.999452,4.00788
25.0664,1.02172,1.06978,0.996557,4.01758
21.8677,1.06462,1.19488,0.989263,4.11437
20.4733,1.18327,1.68127,0.968319,4.1506
14.7612,1.24703,1.73961,0.95043,4.34294
8.88041,1.42504,1.9059,0.919485,3.88831
1.97551,1.84206,1.27198,0.788419,3.21235
0.398958,2.14168,1.63773,0.476536,2.13654
# ------------------------------ 
# Resultados # no tempo t=4.579e-08
# ------------------------------ 
# erroPicard: 0.01
# deltaT: 1e-11
# ------------------------------ 
# Y_norm | T/Tlivre | P/Plivre | U/Ulivre | Mach
58.2457,0.999996,0.999982,0.999998,3.99998
54.4888,0.999994,0.999986,1,4.00002
50.73,0.999995,0.99997,1,4.00001
46.9735,1.00001,1.00003,1,4.00005
43.2157,1.00002,1.00005,0.999999,4.00005
39.4587,1.00003,1.0001,0.999993,4
35.7003,1.00006,1.00015,0.999988,4.00019
31.9766,1.00085,1.00274,0.999861,4.0003
28.2663,1.0036,1.0099,0.999451,4.00787
25.0664,1.02172,1.06978,0.996557,4.01758
21.8676,1.06462,1.19489,0.989262,4.11437
20.4732,1.18327,1.68127,0.968319,4.1506
14.7612,1.24703,1.73961,0.950431,4.34294
8.88041,1.42504,1.9059,0.919486,3.88832
1.97551,1.84206,1.27198,0.788419,3.21235
0.398958,2.14168,1.63773,0.476536,2.13654
# ------------------------------ 
# Resultados # no tempo t=4.58e-08
# ------------------------------ 
# erroPicard: 0.01
# deltaT: 1e-11
# ------------------------------ 
# Y_norm | T/Tlivre | P/Plivre | U/Ulivre | Mach
58.2457,0.999997,0.999982,0.999998,3.99997
54.4888,0.999994,0.999987,1,4.00002
50.73,0.999995,0.99997,1,4.00001
46.9735,1.00001,1.00003,1,4.00005
43.2157,1.00002,1.00005,0.999999,4.00005
39.4587,1.00003,1.0001,0.999993,4
35.7003,1.00006,1.00015,0.999988,4.00019
31.9765,1.00085,1.00274,0.999861,4.0003
28.2663,1.0036,1.0099,0.999451,4.00787
25.0664,1.02172,1.06978,0.996557,4.01758
21.8676,1.06462,1.19489,0.989262,4.11437
20.4732,1.18328,1.68127,0.968318,4.15061
14.7612,1.24703,1.73961,0.950431,4.34294
8.88042,1.42505,1.9059,0.919486,3.88832
1.97551,1.84206,1.27198,0.788419,3.21235
0.398958,2.14168,1.63773,0.476536,2.13654
# ------------------------------ 
# Resultados # no tempo t=4.581e-08
# ------------------------------ 
# erroPicard: 0.01
# deltaT: 1e-11
# ------------------------------ 
# Y_norm | T/Tlivre | P/Plivre | U/Ulivre | Mach
58.2457,0.999997,0.999982,0.999998,3.99997
54.4888,0.999994,0.999987,1,4.00002
50.73,0.999995,0.99997,1,4.00001
46.9735,1.00001,1.00003,1,4.00005
43.2157,1.00002,1.00005,0.999999,4.00005
39.4587,1.00003,1.0001,0.999994,4
35.7003,1.00006,1.00015,0.999989,4.00019
31.9765,1.00085,1.00274,0.999861,4.0003
28.2662,1.0036,1.0099,0.999451,4.00787
25.0664,1.02172,1.06978,0.996556,4.01758
21.8676,1.06462,1.19489,0.989261,4.11437
20.4732,1.18328,1.68127,0.968318,4.15061
14.7611,1.24703,1.73961,0.950432,4.34295
8.88042,1.42505,1.9059,0.919487,3.88832
1.97551,1.84206,1.27198,0.788419,3.21235
0.398958,2.14168,1.63773,0.476536,2.13654
# ------------------------------ 
# Resultados # no tempo t=4.582e-08
# ------------------------------ 
# erroPicard: 0.01
# deltaT: 1e-11
# ------------------------------ 
# Y_norm | T/Tlivre | P/Plivre | U/Ulivre | Mach
58.2457,0.999997,0.999983,0.999998,3.99997
54.4888,0.999994,0.999988,1,4.00002
50.73,0.999995,0.99997,1,4.00001
46.9735,1.00001,1.00003,1,4.00005
43.2157,1.00002,1.00005,1,4.00005
39.4587,1.00003,1.0001,0.999994,4
35.7003,1.00006,1.00014,0.999989,4.00019
31.9765,1.00085,1.00274,0.999861,4.0003
28.2662,1.0036,1.0099,0.999451,4.00787
25.0664,1.02172,1.06979,0.996556,4.01758
21.8676,1.06462,1.19489,0.98926,4.11437
20.4731,1.18328,1.68128,0.968318,4.15061
14.7611,1.24703,1.73961,0.950432,4.34295
8.88043,1.42505,1.90591,0.919488,3.88832
1.9755,1.84206,1.27198,0.788419,3.21235
0.398957,2.14168,1.63773,0.476536,2.13654
# ------------------------------ 
# Resultados # no tempo t=4.583e-08
# ------------------------------ 
# erroPicard: 0.01
# deltaT: 1e-11
# ------------------------------ 
# Y_norm | T/Tlivre | P/Plivre | U/Ulivre | Mach
58.2457,0.999997,0.999983,0.999998,3.99997
54.4888,0.999995,0.999989,1,4.00002
50.73,0.999995,0.99997,1,4.00001
46.9735,1.00001,1.00003,1,4.00005
43.2157,1.00002,1.00005,1,4.00005
39.4586,1.00003,1.00009,0.999994,4
35.7003,1.00006,1.00014,0.999989,4.00019
31.9765,1.00085,1.00274,0.999861,4.0003
28.2662,1.0036,1.0099,0.99945,4.00787
25.0664,1.02172,1.06979,0.996556,4.01758
21.8676,1.06463,1.19489,0.989259,4.11437
20.4731,1.18328,1.68128,0.968317,4.15061
14.7611,1.24704,1.73961,0.950433,4.34296
8.88044,1.42505,1.90591,0.919489,3.88832
1.9755,1.84206,1.27198,0.788419,3.21235
0.398957,2.14167,1.63773,0.476536,2.13654
# ------------------------------ 
# Resultados # no tempo t=4.584e-08
# ------------------------------ 
# erroPicard: 0.01
# deltaT: 1e-11
# ------------------------------ 
# Y_norm | T/Tlivre | P/Plivre | U/Ulivre | Mach
58.2457,0.999997,0.999983,0.999998,3.99997
54.4889,0.999995,0.99999,1,4.00002
50.7301,0.999995,0.999971,1,4.00002
46.9735,1.00001,1.00003,1,4.00005
43.2156,1.00002,1.00005,1,4.00005
39.4586,1.00003,1.00009,0.999994,4
35.7003,1.00006,1.00014,0.999989,4.00019
31.9765,1.00085,1.00274,0.999861,4.0003
28.2662,1.0036,1.0099,0.99945,4.00787
25.0664,1.02172,1.06979,0.996555,4.01758
21.8675,1.06463,1.1949,0.989259,4.11437
20.473,1.18328,1.68128,0.968317,4.15061
14.7611,1.24704,1.73961,0.950434,4.34296
8.88044,1.42505,1.90591,0.919489,3.88832
1.9755,1.84206,1.27198,0.788418,3.21235
0.398957,2.14167,1.63773,0.476536,2.13654
# ------------------------------ 
# Resultados # no tempo t=4.585e-08
# ------------------------------ 
# erroPicard: 0.01
# deltaT: 1e-11
# ------------------------------ 
# Y_norm | T/Tlivre | P/Plivre | U/Ulivre | Mach
58.2457,0.999997,0.999983,0.999997,3.99997
54.4889,0.999995,0.999991,1,4.00002
50.7301,0.999995,0.999971,1,4.00002
46.9736,1.00001,1.00003,1,4.00005
43.2156,1.00002,1.00005,1,4.00005
39.4586,1.00003,1.00009,0.999994,4.00001
35.7003,1.00006,1.00014,0.999989,4.00019
31.9765,1.00085,1.00273,0.999861,4.0003
28.2662,1.0036,1.0099,0.99945,4.00787
25.0664,1.02172,1.06979,0.996555,4.01758
21.8675,1.06463,1.1949,0.989258,4.11437
20.473,1.18328,1.68128,0.968316,4.15062
14.7611,1.24704,1.73961,0.950434,4.34297
8.88045,1.42505,1.90592,0.91949,3.88832
1.9755,1.84205,1.27197,0.788418,3.21235
0.398957,2.14167,1.63773,0.476536,2.13654
# ------------------------------ 
# Resultados # no tempo t=4.586e-08
# ------------------------------ 
# erroPicard: 0.01
# deltaT: 1e-11
# ------------------------------ 
# Y_norm | T/Tlivre | P/Plivre | U/Ulivre | Mach
58.2457,0.999997,0.999983,0.999997,3.99997
54.4889,0.999995,0.999991,1,4.00002
50.7301,0.999995,0.999971,1,4.00002
46.9736,1.00001,1.00003,1,4.00005
43.2156,1.00002,1.00005,1,4.00005
39.4586,1.00003,1.00009,0.999994,4.00001
35.7003,1.00006,1.00014,0.999989,4.00019
31.9765,1.00085,1.00273,0.999861,4.0003
28.2662,1.0036,1.0099,0.99945,4.00787
25.0664,1.02173,1.06979,0.996554,4.01758
21.8675,1.06463,1.1949,0.989257,4.11437
20.473,1.18328,1.68128,0.968316,4.15062
14.7611,1.24704,1.73961,0.950435,4.34297
8.88046,1.42505,1.90592,0.919491,3.88833
1.9755,1.84205,1.27197,0.788418,3.21235
0.398957,2.14167,1.63773,0.476536,2.13654
# ------------------------------ 
# Resultados # no tempo t=4.587e-08
# ------------------------------ 
# erroPicard: 0.01
# deltaT: 1e-11
# ------------------------------ 
# Y_norm | T/Tlivre | P/Plivre | U/Ulivre | Mach
58.2457,0.999997,0.999983,0.999997,3.99997
54.4889,0.999995,0.999992,1,4.00002
50.7301,0.999995,0.999971,1,4.00002
46.9736,1.00001,1.00003,1,4.00005
43.2156,1.00002,1.00005,1,4.00005
39.4585,1.00003,1.00009,0.999995,4.00001
35.7003,1.00006,1.00014,0.999989,4.00019
31.9765,1.00085,1.00273,0.999861,4.0003
28.2662,1.0036,1.0099,0.999449,4.00787
25.0664,1.02173,1.06979,0.996554,4.01758
21.8675,1.06463,1.1949,0.989256,4.11437
20.4729,1.18328,1.68128,0.968315,4.15062
14.761,1.24704,1.73961,0.950436,4.34298
8.88047,1.42505,1.90592,0.919491,3.88833
1.9755,1.84205,1.27197,0.788418,3.21235
0.398957,2.14167,1.63773,0.476536,2.13654
# ------------------------------ 
# Resultados # no tempo t=4.588e-08
# ------------------------------ 
# erroPicard: 0.01
# deltaT: 1e-11
# ------------------------------ 
# Y_norm | T/Tlivre | P/Plivre | U/Ulivre | Mach
58.2457,0.999997,0.999983,0.999997,3.99997
54.4889,0.999996,0.999993,1,4.00002
50.7301,0.999995,0.999972,1,4.00002
46.9736,1.00001,1.00003,1,4.00005
43.2156,1.00002,1.00005,1,4.00005
39.4585,1.00003,1.00009,0.999995,4.00001
35.7002,1.00006,1.00014,0.99999,4.00019
31.9764,1.00085,1.00273,0.999861,4.0003
28.2662,1.0036,1.0099,0.999449,4.00787
25.0664,1.02173,1.0698,0.996554,4.01758
21.8675,1.06463,1.1949,0.989255,4.11437
20.4729,1.18329,1.68128,0.968315,4.15062
14.761,1.24704,1.73961,0.950436,4.34298
8.88048,1.42505,1.90592,0.919492,3.88833
1.9755,1.84205,1.27197,0.788418,3.21235
0.398957,2.14167,1.63773,0.476536,2.13654
# ------------------------------ 
# Resultados # no tempo t=4.589e-08
# ------------------------------ 
# erroPicard: 0.01
# deltaT: 1e-11
# ------------------------------ 
# Y_norm | T/Tlivre | P/Plivre | U/Ulivre | Mach
58.2457,0.999997,0.999983,0.999997,3.99997
54.489,0.999996,0.999994,1,4.00002
50.7301,0.999995,0.999972,1,4.00002
46.9736,1.00001,1.00003,1.00001,4.00005
43.2156,1.00002,1.00005,1,4.00005
39.4585,1.00003,1.00008,0.999995,4.00001
35.7002,1.00006,1.00014,0.99999,4.00019
31.9764,1.00085,1.00273,0.999861,4.0003
28.2662,1.0036,1.0099,0.999449,4.00787
25.0664,1.02173,1.0698,0.996553,4.01758
21.8675,1.06463,1.19491,0.989254,4.11437
20.4729,1.18329,1.68128,0.968314,4.15062
14.761,1.24704,1.73961,0.950437,4.34298
8.88049,1.42506,1.90593,0.919493,3.88833
1.9755,1.84205,1.27197,0.788417,3.21235
0.398957,2.14167,1.63773,0.476536,2.13654
# ------------------------------ 
# Resultados # no tempo t=4.59e-08
# ------------------------------ 
# erroPicard: 0.01
# deltaT: 1e-11
# ------------------------------ 
# Y_norm | T/Tlivre | P/Plivre | U/Ulivre | Mach
58.2457,0.999997,0.999984,0.999997,3.99997
54.489,0.999996,0.999995,1,4.00002
50.7301,0.999996,0.999972,1,4.00002
46.9736,1.00001,1.00003,1.00001,4.00005
43.2156,1.00002,1.00005,1,4.00005
39.4585,1.00003,1.00008,0.999995,4.00001
35.7002,1.00006,1.00014,0.99999,4.00019
31.9764,1.00085,1.00273,0.999861,4.0003
28.2662,1.0036,1.0099,0.999449,4.00787
25.0665,1.02173,1.0698,0.996553,4.01758
21.8674,1.06463,1.19491,0.989254,4.11437
20.4729,1.18329,1.68128,0.968314,4.15063
14.761,1.24704,1.73961,0.950438,4.34299
8.8805,1.42506,1.90593,0.919493,3.88833
1.9755,1.84205,1.27197,0.788417,3.21235
0.398957,2.14167,1.63773,0.476536,2.13654
# ------------------------------ 
# Resultados # no tempo t=4.591e-08
# ------------------------------ 
# erroPicard: 0.01
# deltaT: 1e-11
# ------------------------------ 
# Y_norm | T/Tlivre | P/Plivre | U/Ulivre | Mach
58.2457,0.999998,0.999984,0.999997,3.99997
54.489,0.999996,0.999996,1,4.00002
50.7301,0.999996,0.999973,1,4.00002
46.9736,1.00001,1.00003,1.00001,4.00005
43.2156,1.00002,1.00005,1,4.00005
39.4584,1.00003,1.00008,0.999995,4.00001
35.7002,1.00006,1.00014,0.99999,4.00019
31.9764,1.00085,1.00273,0.999861,4.0003
28.2662,1.0036,1.0099,0.999448,4.00787
25.0665,1.02173,1.0698,0.996552,4.01758
21.8674,1.06463,1.19491,0.989253,4.11437
20.4728,1.18329,1.68129,0.968314,4.15063
14.761,1.24704,1.73961,0.950439,4.34299
8.8805,1.42506,1.90593,0.919494,3.88833
1.9755,1.84205,1.27197,0.788417,3.21235
0.398957,2.14167,1.63773,0.476535,2.13654
# ------------------------------ 
# Resultados # no tempo t=4.592e-08
# ------------------------------ 
# erroPicard: 0.01
# deltaT: 1e-11
# ------------------------------ 
# Y_norm | T/Tlivre | P/Plivre | U/Ulivre | Mach
58.2457,0.999998,0.999984,0.999997,3.99997
54.489,0.999996,0.999996,1,4.00002
50.7301,0.999996,0.999973,1,4.00002
46.9736,1.00001,1.00003,1.00001,4.00005
43.2156,1.00002,1.00005,1,4.00005
39.4584,1.00003,1.00008,0.999996,4.00001
35.7002,1.00006,1.00014,0.99999,4.00019
31.9764,1.00085,1.00273,0.999861,4.0003
28.2662,1.0036,1.0099,0.999448,4.00787
25.0665,1.02173,1.0698,0.996552,4.01758
21.8674,1.06463,1.19491,0.989252,4.11437
20.4728,1.18329,1.68129,0.968313,4.15063
14.761,1.24705,1.73961,0.95044,4.343
8.88052,1.42506,1.90594,0.919495,3.88833
1.9755,1.84205,1.27197,0.788417,3.21235
0.398956,2.14167,1.63773,0.476535,2.13654
# ------------------------------ 
# Resultados # no tempo t=4.593e-08
# ------------------------------ 
# erroPicard: 0.01
# deltaT: 1e-11
# ------------------------------ 
# Y_norm | T/Tlivre | P/Plivre | U/Ulivre | Mach
58.2457,0.999998,0.999984,0.999997,3.99997
54.489,0.999997,0.999997,1,4.00002
50.7301,0.999996,0.999973,1,4.00002
46.9736,1.00001,1.00003,1.00001,4.00005
43.2156,1.00002,1.00004,1,4.00005
39.4584,1.00003,1.00008,0.999996,4.00001
35.7002,1.00006,1.00013,0.99999,4.00019
31.9764,1.00085,1.00273,0.999861,4.0003
28.2662,1.0036,1.0099,0.999448,4.00787
25.0665,1.02173,1.0698,0.996552,4.01758
21.8674,1.06463,1.19491,0.989251,4.11437
20.4728,1.18329,1.68129,0.968313,4.15063
14.761,1.24705,1.73961,0.95044,4.343
8.88053,1.42506,1.90594,0.919496,3.88833
1.9755,1.84205,1.27197,0.788417,3.21235
0.398956,2.14167,1.63773,0.476535,2.13654
# ------------------------------ 
# Resultados # no tempo t=4.594e-08
# ------------------------------ 
# erroPicard: 0.01
# deltaT: 1e-11
# ------------------------------ 
# Y_norm | T/Tlivre | P/Plivre | U/Ulivre | Mach
58.2456,0.999998,0.999984,0.999997,3.99997
54.4891,0.999997,0.999998,1,4.00002
50.7301,0.999996,0.999974,1,4.00002
46.9736,1.00001,1.00003,1.00001,4.00005
43.2156,1.00002,1.00004,1,4.00005
39.4583,1.00003,1.00008,0.999996,4.00001
35.7002,1.00006,1.00013,0.99999,4.00019
31.9764,1.00085,1.00273,0.999861,4.0003
28.2661,1.0036,1.0099,0.999448,4.00787
25.0665,1.02173,1.06981,0.996551,4.01757
21.8674,1.06464,1.19492,0.98925,4.11437
20.4728,1.18329,1.68129,0.968312,4.15063
14.761,1.24705,1.73962,0.950441,4.343
8.88054,1.42506,1.90594,0.919496,3.88834
1.9755,1.84205,1.27197,0.788416,3.21235
0.398956,2.14167,1.63773,0.476535,2.13654
# ------------------------------ 
# Resultados # no tempo t=4.595e-08
# ------------------------------ 
# erroPicard: 0.01
# deltaT: 1e-11
# ------------------------------ 
# Y_norm | T/Tlivre | P/Plivre | U/Ulivre | Mach
58.2456,0.999998,0.999984,0.999997,3.99997
54.4891,0.999997,0.999999,1,4.00002
50.7301,0.999996,0.999974,1,4.00002
46.9736,1.00001,1.00003,1.00001,4.00005
43.2156,1.00002,1.00004,1,4.00006
39.4583,1.00003,1.00008,0.999996,4.00001
35.7001,1.00006,1.00013,0.999991,4.00019
31.9763,1.00084,1.00273,0.999861,4.0003
28.2661,1.0036,1.0099,0.999447,4.00787
25.0665,1.02173,1.06981,0.996551,4.01757
21.8674,1.06464,1.19492,0.989249,4.11437
20.4728,1.18329,1.68129,0.968312,4.15063
14.761,1.24705,1.73962,0.950442,4.34301
8.88055,1.42506,1.90594,0.919497,3.88834
1.97549,1.84205,1.27197,0.788416,3.21235
0.398956,2.14167,1.63773,0.476535,2.13654
# ------------------------------ 
# Resultados # no tempo t=4.596e-08
# ------------------------------ 
# erroPicard: 0.01
# deltaT: 1e-11
# ------------------------------ 
# Y_norm | T/Tlivre | P/Plivre | U/Ulivre | Mach
58.2456,0.999998,0.999984,0.999997,3.99997
54.4891,0.999997,1,1,4.00002
50.7302,0.999996,0.999974,1,4.00002
46.9736,1.00001,1.00003,1.00001,4.00005
43.2156,1.00002,1.00004,1,4.00006
39.4583,1.00003,1.00007,0.999996,4.00001
35.7001,1.00006,1.00013,0.999991,4.00019
31.9763,1.00084,1.00273,0.999861,4.0003
28.2661,1.0036,1.0099,0.999447,4.00787
25.0665,1.02173,1.06981,0.99655,4.01757
21.8674,1.06464,1.19492,0.989248,4.11437
20.4727,1.18329,1.68129,0.968312,4.15063
14.761,1.24705,1.73962,0.950443,4.34301
8.88056,1.42506,1.90595,0.919498,3.88834
1.97549,1.84205,1.27197,0.788416,3.21235
0.398956,2.14167,1.63773,0.476535,2.13654
# ------------------------------ 
# Resultados # no tempo t=4.597e-08
# ------------------------------ 
# erroPicard: 0.01
# deltaT: 1e-11
# ------------------------------ 
# Y_norm | T/Tlivre | P/Plivre | U/Ulivre | Mach
58.2456,0.999998,0.999984,0.999997,3.99997
54.4891,0.999998,1,1,4.00002
50.7302,0.999996,0.999975,1,4.00002
46.9736,1.00001,1.00003,1.00001,4.00005
43.2156,1.00002,1.00004,1,4.00006
39.4583,1.00003,1.00007,0.999996,4.00001
35.7001,1.00006,1.00013,0.999991,4.00019
31.9763,1.00084,1.00273,0.999861,4.0003
28.2661,1.0036,1.0099,0.999447,4.00787
25.0665,1.02173,1.06981,0.99655,4.01757
21.8674,1.06464,1.19492,0.989247,4.11437
20.4727,1.18329,1.68129,0.968311,4.15063
14.761,1.24705,1.73962,0.950444,4.34302
8.88057,1.42506,1.90595,0.919498,3.88834
1.97549,1.84205,1.27197,0.788416,3.21235
0.398956,2.14167,1.63772,0.476535,2.13654
# ------------------------------ 
# Resultados # no tempo t=4.598e-08
# ------------------------------ 
# erroPicard: 0.01
# deltaT: 1e-11
# ------------------------------ 
# Y_norm | T/Tlivre | P/Plivre | U/Ulivre | Mach
58.2456,0.999998,0.999984,0.999997,3.99997
54.4892,0.999998,1,1,4.00002
50.7302,0.999996,0.999975,1,4.00002
46.9736,1.00001,1.00003,1.00001,4.00005
43.2156,1.00002,1.00004,1,4.00006
39.4582,1.00002,1.00007,0.999997,4.00001
35.7001,1.00006,1.00013,0.999991,4.00019
31.9763,1.00084,1.00273,0.999861,4.0003
28.2661,1.0036,1.0099,0.999447,4.00787
25.0665,1.02173,1.06981,0.996549,4.01757
21.8674,1.06464,1.19492,0.989246,4.11437
20.4727,1.18329,1.68129,0.968311,4.15063
14.761,1.24705,1.73962,0.950445,4.34302
8.88058,1.42506,1.90595,0.919499,3.88834
1.97549,1.84205,1.27197,0.788415,3.21235
0.398956,2.14167,1.63772,0.476535,2.13654
# ------------------------------ 
# Resultados # no tempo t=4.599e-08
# ------------------------------ 
# erroPicard: 0.01
# deltaT: 1e-11
# ------------------------------ 
# Y_norm | T/Tlivre | P/Plivre | U/Ulivre | Mach
58.2456,0.999998,0.999984,0.999997,3.99997
54.4892,0.999998,1,1,4.00002
50.7302,0.999996,0.999976,1,4.00002
46.9736,1.00001,1.00003,1.00001,4.00005
43.2156,1.00002,1.00004,1,4.00006
39.4582,1.00002,1.00007,0.999997,4.00001
35.7001,1.00006,1.00013,0.999991,4.00019
31.9763,1.00084,1.00273,0.999861,4.0003
28.2661,1.0036,1.0099,0.999446,4.00787
25.0665,1.02173,1.06981,0.996549,4.01757
21.8674,1.06464,1.19493,0.989246,4.11437
20.4727,1.18329,1.6813,0.96831,4.15063
14.761,1.24705,1.73962,0.950446,4.34302
8.88059,1.42506,1.90596,0.9195,3.88834
1.97549,1.84205,1.27197,0.788415,3.21235
0.398955,2.14167,1.63772,0.476535,2.13654
# ------------------------------ 
# Resultados # no tempo t=4.6e-08
# ------------------------------ 
# erroPicard: 0.01
# deltaT: 1e-11
# ------------------------------ 
# Y_norm | T/Tlivre | P/Plivre | U/Ulivre | Mach
58.2456,0.999998,0.999984,0.999997,3.99997
54.4892,0.999998,1,1,4.00002
50.7302,0.999996,0.999976,1,4.00002
46.9736,1.00001,1.00003,1.00001,4.00005
43.2156,1.00002,1.00004,1,4.00006
39.4582,1.00002,1.00007,0.999997,4.00001
35.7001,1.00006,1.00013,0.999991,4.00019
31.9763,1.00084,1.00273,0.999861,4.0003
28.2661,1.0036,1.0099,0.999446,4.00786
25.0665,1.02173,1.06982,0.996548,4.01757
21.8673,1.06464,1.19493,0.989245,4.11437
20.4727,1.18329,1.6813,0.96831,4.15064
14.761,1.24705,1.73962,0.950446,4.34303
8.88061,1.42506,1.90596,0.919501,3.88834
1.97549,1.84205,1.27197,0.788415,3.21235
0.398955,2.14167,1.63772,0.476535,2.13654
