57
0.438231 0.052016
0.530559 0.395319
0.547464 0.516255
0.323797 0.370611
0.394018 0.000000
0.477243 0.565670
0.577373 0.644993
0.620286 0.703511
0.706112 0.336801
0.149545 0.478544
0.618986 0.508453
0.107932 0.451235
0.127438 0.388817
0.394018 0.088427
0.504551 0.648895
0.542263 0.837451
0.547464 0.764629
0.608583 0.621586
0.265280 0.300390
0.322497 0.362809
0.365410 0.431730
0.492848 0.076723
0.539662 0.490247
0.308192 0.135241
0.310793 0.132640
0.378414 0.210663
0.473342 0.163849
0.474642 0.551365
0.521456 0.741222
0.741222 0.338101
0.782835 0.287386
0.784135 0.293888
0.438231 0.068921
0.439532 0.068921
0.520156 0.071521
0.520156 0.732120
0.100130 0.456437
0.343303 0.520156
0.490247 0.057217
0.500650 0.560468
0.514954 0.057217
0.514954 0.058518
0.538362 0.490247
0.590377 0.745124
0.741222 0.328999
0.144343 0.465540
0.331599 0.726918
0.336801 0.560468
0.392718 0.384915
0.447334 0.022107
0.500650 0.609883
0.539662 0.824447
0.546164 0.908973
0.579974 0.797139
0.371912 0.384915
0.495449 0.725618
0.507152 0.409623