3986
0.000000 0.379714
0.010403 0.386216
0.031209 0.381014
0.032510 0.338101
0.032510 0.353706
0.032510 0.381014
0.032510 0.407022
0.033810 0.338101
0.033810 0.339402
0.033810 0.407022
0.040312 0.336801
0.040312 0.338101
0.041612 0.336801
0.041612 0.338101
0.041612 0.431730
0.042913 0.431730
0.042913 0.433030
0.045514 0.405722
0.048114 0.336801
0.050715 0.418726
0.052016 0.417425
0.052016 0.418726
0.053316 0.417425
0.053316 0.418726
0.061118 0.347204
0.061118 0.349805
0.062419 0.348505
0.063719 0.349805
0.063719 0.392718
0.065020 0.392718
0.067620 0.401821
0.068921 0.401821
0.068921 0.403121
0.070221 0.429129
0.071521 0.396619
0.072822 0.396619
0.075423 0.328999
0.075423 0.331599
0.076723 0.330299
0.076723 0.413524
0.078023 0.328999
0.078023 0.331599
0.078023 0.413524
0.078023 0.434330
0.079324 0.434330
0.079324 0.435631
0.083225 0.345904
0.087126 0.351105
0.087126 0.352406
0.087126 0.356307
0.087126 0.357607
0.088427 0.351105
0.088427 0.352406
0.088427 0.356307
0.088427 0.357607
0.088427 0.358908
0.088427 0.436931
0.088427 0.439532
0.088427 0.455137
0.089727 0.438231
0.089727 0.455137
0.091027 0.362809
0.091027 0.364109
0.091027 0.436931
0.091027 0.439532
0.092328 0.326398
0.092328 0.362809
0.092328 0.364109
0.092328 0.366710
0.092328 0.369311
0.092328 0.408322
0.093628 0.366710
0.093628 0.368010
0.093628 0.369311
0.093628 0.408322
0.093628 0.442133
0.093628 0.443433
0.093628 0.459038
0.093628 0.460338
0.094928 0.366710
0.094928 0.369311
0.094928 0.442133
0.094928 0.459038
0.094928 0.460338
0.096229 0.442133
0.096229 0.443433
0.098830 0.382315
0.098830 0.384915
0.098830 0.440832
0.098830 0.443433
0.098830 0.456437
0.098830 0.457737
0.098830 0.461638
0.098830 0.464239
0.100130 0.342003
0.100130 0.382315
0.100130 0.383615
0.100130 0.384915
0.100130 0.442133
0.100130 0.457737
0.100130 0.462939
0.101430 0.342003
0.101430 0.343303
0.101430 0.382315
0.101430 0.384915
0.101430 0.440832
0.101430 0.443433
0.101430 0.446034
0.101430 0.461638
0.101430 0.464239
0.102731 0.390117
0.102731 0.391417
0.102731 0.392718
0.102731 0.446034
0.102731 0.447334
0.104031 0.390117
0.104031 0.391417
0.104031 0.392718
0.105332 0.390117
0.105332 0.391417
0.105332 0.392718
0.106632 0.390117
0.106632 0.391417
0.106632 0.392718
0.106632 0.405722
0.106632 0.449935
0.106632 0.451235
0.107932 0.449935
0.107932 0.472042
0.109233 0.405722
0.113134 0.339402
0.113134 0.342003
0.113134 0.391417
0.113134 0.392718
0.114434 0.340702
0.114434 0.391417
0.114434 0.392718
0.115735 0.339402
0.115735 0.342003
0.115735 0.403121
0.115735 0.404421
0.115735 0.405722
0.117035 0.321196
0.117035 0.322497
0.117035 0.403121
0.117035 0.405722
0.117035 0.459038
0.118336 0.321196
0.118336 0.322497
0.118336 0.403121
0.118336 0.404421
0.118336 0.405722
0.118336 0.459038
0.118336 0.460338
0.119636 0.321196
0.119636 0.322497
0.119636 0.390117
0.119636 0.462939
0.120936 0.390117
0.120936 0.391417
0.120936 0.462939
0.122237 0.409623
0.122237 0.410923
0.122237 0.412224
0.122237 0.462939
0.122237 0.465540
0.122237 0.466840
0.122237 0.468140
0.123537 0.409623
0.123537 0.412224
0.123537 0.465540
0.123537 0.468140
0.124837 0.339402
0.124837 0.400520
0.124837 0.404421
0.124837 0.409623
0.124837 0.410923
0.124837 0.412224
0.124837 0.465540
0.124837 0.466840
0.124837 0.468140
0.126138 0.339402
0.126138 0.340702
0.126138 0.388817
0.126138 0.400520
0.126138 0.404421
0.126138 0.405722
0.127438 0.321196
0.127438 0.322497
0.127438 0.382315
0.127438 0.390117
0.127438 0.417425
0.127438 0.426528
0.128739 0.321196
0.128739 0.322497
0.128739 0.377113
0.128739 0.417425
0.128739 0.418726
0.128739 0.425228
0.130039 0.377113
0.130039 0.378414
0.130039 0.423927
0.130039 0.426528
0.131339 0.336801
0.131339 0.338101
0.131339 0.370611
0.131339 0.371912
0.131339 0.431730
0.131339 0.433030
0.132640 0.336801
0.132640 0.338101
0.132640 0.370611
0.132640 0.371912
0.132640 0.429129
0.132640 0.431730
0.132640 0.433030
0.133940 0.431730
0.133940 0.433030
0.133940 0.436931
0.135241 0.336801
0.136541 0.336801
0.136541 0.448635
0.137841 0.448635
0.137841 0.449935
0.139142 0.317295
0.139142 0.358908
0.139142 0.455137
0.140442 0.317295
0.140442 0.455137
0.140442 0.456437
0.140442 0.508453
0.140442 0.509753
0.141743 0.508453
0.141743 0.509753
0.143043 0.345904
0.143043 0.347204
0.143043 0.414824
0.143043 0.416125
0.143043 0.464239
0.143043 0.465540
0.144343 0.332900
0.144343 0.345904
0.144343 0.347204
0.144343 0.414824
0.144343 0.416125
0.144343 0.464239
0.145644 0.414824
0.145644 0.416125
0.145644 0.421326
0.146944 0.317295
0.146944 0.392718
0.146944 0.472042
0.146944 0.473342
0.148244 0.315995
0.148244 0.317295
0.148244 0.392718
0.148244 0.438231
0.148244 0.472042
0.148244 0.473342
0.149545 0.377113
0.149545 0.430429
0.149545 0.431730
0.149545 0.438231
0.149545 0.439532
0.149545 0.479844
0.150845 0.315995
0.150845 0.430429
0.150845 0.431730
0.152146 0.430429
0.152146 0.431730
0.153446 0.369311
0.153446 0.370611
0.153446 0.430429
0.153446 0.431730
0.154746 0.313394
0.154746 0.365410
0.154746 0.366710
0.154746 0.369311
0.154746 0.370611
0.156047 0.355007
0.156047 0.357607
0.156047 0.365410
0.156047 0.366710
0.157347 0.349805
0.157347 0.356307
0.157347 0.365410
0.157347 0.366710
0.158648 0.349805
0.158648 0.355007
0.158648 0.357607
0.161248 0.338101
0.161248 0.342003
0.161248 0.343303
0.161248 0.344603
0.162549 0.312094
0.162549 0.313394
0.162549 0.331599
0.162549 0.338101
0.162549 0.339402
0.162549 0.342003
0.162549 0.344603
0.163849 0.312094
0.163849 0.313394
0.163849 0.323797
0.163849 0.328999
0.163849 0.331599
0.163849 0.332900
0.163849 0.342003
0.163849 0.343303
0.163849 0.344603
0.163849 0.490247
0.163849 0.492848
0.165150 0.325098
0.165150 0.491547
0.166450 0.223667
0.166450 0.224967
0.166450 0.231469
0.166450 0.243173
0.166450 0.323797
0.166450 0.326398
0.166450 0.490247
0.166450 0.492848
0.166450 0.517555
0.167750 0.223667
0.167750 0.224967
0.167750 0.243173
0.167750 0.244473
0.167750 0.260078
0.167750 0.265280
0.167750 0.517555
0.167750 0.518856
0.169051 0.260078
0.169051 0.265280
0.170351 0.293888
0.170351 0.306892
0.171651 0.293888
0.171651 0.295189
0.172952 0.556567
0.174252 0.556567
0.174252 0.557867
0.179454 0.327698
0.179454 0.328999
0.180754 0.327698
0.180754 0.328999
0.180754 0.578674
0.182055 0.327698
0.182055 0.328999
0.182055 0.578674
0.183355 0.495449
0.184655 0.439532
0.184655 0.495449
0.185956 0.439532
0.185956 0.440832
0.192458 0.509753
0.193758 0.509753
0.195059 0.053316
0.195059 0.054616
0.195059 0.071521
0.195059 0.072822
0.195059 0.556567
0.196359 0.053316
0.196359 0.054616
0.196359 0.071521
0.196359 0.072822
0.196359 0.092328
0.196359 0.094928
0.196359 0.157347
0.196359 0.187256
0.196359 0.479844
0.196359 0.556567
0.196359 0.557867
0.197659 0.093628
0.197659 0.115735
0.197659 0.117035
0.197659 0.157347
0.197659 0.167750
0.197659 0.198960
0.197659 0.305592
0.197659 0.479844
0.198960 0.092328
0.198960 0.094928
0.198960 0.115735
0.198960 0.117035
0.198960 0.133940
0.198960 0.167750
0.198960 0.198960
0.198960 0.305592
0.198960 0.306892
0.200260 0.054616
0.200260 0.055917
0.200260 0.110533
0.200260 0.115735
0.200260 0.117035
0.200260 0.124837
0.200260 0.133940
0.201560 0.054616
0.201560 0.055917
0.201560 0.070221
0.201560 0.071521
0.201560 0.105332
0.201560 0.110533
0.201560 0.124837
0.201560 0.126138
0.201560 0.322497
0.201560 0.491547
0.201560 0.526658
0.202861 0.070221
0.202861 0.071521
0.202861 0.091027
0.202861 0.093628
0.202861 0.130039
0.202861 0.491547
0.204161 0.070221
0.204161 0.071521
0.204161 0.092328
0.204161 0.130039
0.204161 0.131339
0.204161 0.139142
0.204161 0.144343
0.204161 0.145644
0.205462 0.091027
0.205462 0.093628
0.205462 0.139142
0.205462 0.140442
0.205462 0.144343
0.205462 0.145644
0.205462 0.322497
0.206762 0.049415
0.206762 0.279584
0.206762 0.305592
0.206762 0.322497
0.206762 0.451235
0.206762 0.452536
0.206762 0.453836
0.208062 0.049415
0.208062 0.072822
0.208062 0.087126
0.208062 0.279584
0.208062 0.280884
0.208062 0.305592
0.208062 0.322497
0.208062 0.451235
0.208062 0.452536
0.209363 0.072822
0.209363 0.074122
0.209363 0.087126
0.209363 0.088427
0.209363 0.158648
0.209363 0.159948
0.209363 0.211964
0.210663 0.158648
0.210663 0.159948
0.210663 0.211964
0.211964 0.054616
0.211964 0.065020
0.211964 0.067620
0.211964 0.578674
0.213264 0.054616
0.213264 0.055917
0.213264 0.066320
0.213264 0.106632
0.213264 0.109233
0.213264 0.578674
0.214564 0.065020
0.214564 0.067620
0.214564 0.085826
0.214564 0.091027
0.214564 0.092328
0.214564 0.102731
0.214564 0.107932
0.214564 0.224967
0.214564 0.226268
0.215865 0.091027
0.215865 0.092328
0.215865 0.102731
0.215865 0.106632
0.215865 0.109233
0.215865 0.119636
0.215865 0.224967
0.215865 0.226268
0.215865 0.235371
0.215865 0.236671
0.217165 0.068921
0.217165 0.071521
0.217165 0.091027
0.217165 0.092328
0.217165 0.119636
0.217165 0.130039
0.217165 0.235371
0.217165 0.236671
0.217165 0.322497
0.217165 0.556567
0.218466 0.050715
0.218466 0.068921
0.218466 0.070221
0.218466 0.071521
0.218466 0.130039
0.218466 0.135241
0.218466 0.235371
0.218466 0.236671
0.218466 0.322497
0.219766 0.050715
0.219766 0.052016
0.219766 0.068921
0.219766 0.071521
0.219766 0.135241
0.219766 0.136541
0.219766 0.141743
0.219766 0.322497
0.221066 0.141743
0.222367 0.527958
0.222367 0.529259
0.223667 0.158648
0.223667 0.159948
0.223667 0.161248
0.223667 0.274382
0.223667 0.279584
0.223667 0.280884
0.223667 0.284785
0.223667 0.527958
0.223667 0.529259
0.224967 0.158648
0.224967 0.161248
0.224967 0.274382
0.224967 0.279584
0.224967 0.280884
0.224967 0.527958
0.224967 0.529259
0.224967 0.576073
0.224967 0.577373
0.226268 0.158648
0.226268 0.159948
0.226268 0.161248
0.226268 0.534460
0.226268 0.576073
0.226268 0.577373
0.227568 0.576073
0.227568 0.577373
0.228869 0.050715
0.228869 0.053316
0.230169 0.044213
0.230169 0.045514
0.230169 0.050715
0.230169 0.052016
0.230169 0.053316
0.230169 0.269181
0.230169 0.270481
0.231469 0.044213
0.231469 0.045514
0.231469 0.050715
0.231469 0.053316
0.231469 0.269181
0.231469 0.270481
0.231469 0.301691
0.231469 0.322497
0.232770 0.067620
0.232770 0.301691
0.232770 0.547464
0.234070 0.061118
0.234070 0.067620
0.234070 0.140442
0.234070 0.245774
0.234070 0.248375
0.234070 0.547464
0.235371 0.061118
0.235371 0.062419
0.235371 0.114434
0.235371 0.123537
0.235371 0.130039
0.235371 0.131339
0.235371 0.140442
0.235371 0.247074
0.236671 0.049415
0.236671 0.083225
0.236671 0.085826
0.236671 0.100130
0.236671 0.114434
0.236671 0.130039
0.236671 0.131339
0.236671 0.245774
0.236671 0.248375
0.237971 0.049415
0.237971 0.083225
0.237971 0.084525
0.237971 0.085826
0.237971 0.100130
0.237971 0.559168
0.239272 0.083225
0.239272 0.085826
0.239272 0.559168
0.241873 0.048114
0.241873 0.050715
0.241873 0.158648
0.243173 0.049415
0.243173 0.158648
0.243173 0.159948
0.244473 0.048114
0.244473 0.050715
0.244473 0.301691
0.245774 0.265280
0.245774 0.267880
0.245774 0.301691
0.247074 0.058518
0.247074 0.059818
0.247074 0.140442
0.247074 0.265280
0.247074 0.266580
0.247074 0.267880
0.248375 0.058518
0.248375 0.059818
0.248375 0.140442
0.248375 0.265280
0.248375 0.267880
0.249675 0.044213
0.250975 0.044213
0.250975 0.045514
0.250975 0.301691
0.252276 0.079324
0.252276 0.080624
0.252276 0.089727
0.252276 0.097529
0.252276 0.098830
0.252276 0.321196
0.253576 0.079324
0.253576 0.080624
0.253576 0.089727
0.253576 0.097529
0.253576 0.098830
0.253576 0.126138
0.253576 0.321196
0.253576 0.322497
0.254876 0.044213
0.254876 0.045514
0.254876 0.046814
0.254876 0.055917
0.254876 0.079324
0.254876 0.080624
0.254876 0.126138
0.254876 0.156047
0.254876 0.157347
0.256177 0.044213
0.256177 0.046814
0.256177 0.132640
0.256177 0.156047
0.256177 0.157347
0.256177 0.239272
0.256177 0.240572
0.257477 0.044213
0.257477 0.045514
0.257477 0.046814
0.257477 0.132640
0.257477 0.133940
0.257477 0.140442
0.257477 0.239272
0.257477 0.240572
0.257477 0.300390
0.257477 0.301691
0.258778 0.300390
0.258778 0.301691
0.260078 0.055917
0.260078 0.266580
0.260078 0.267880
0.260078 0.321196
0.261378 0.042913
0.261378 0.045514
0.261378 0.266580
0.261378 0.267880
0.261378 0.321196
0.261378 0.322497
0.262679 0.044213
0.263979 0.042913
0.263979 0.045514
0.266580 0.300390
0.267880 0.042913
0.267880 0.045514
0.267880 0.058518
0.267880 0.059818
0.267880 0.321196
0.269181 0.044213
0.269181 0.058518
0.269181 0.059818
0.269181 0.321196
0.270481 0.042913
0.270481 0.045514
0.271782 0.136541
0.273082 0.057217
0.273082 0.058518
0.273082 0.124837
0.273082 0.127438
0.273082 0.136541
0.273082 0.300390
0.274382 0.057217
0.274382 0.058518
0.274382 0.126138
0.274382 0.300390
0.275683 0.042913
0.275683 0.057217
0.275683 0.058518
0.275683 0.078023
0.275683 0.097529
0.275683 0.100130
0.275683 0.118336
0.275683 0.124837
0.275683 0.127438
0.275683 0.317295
0.276983 0.042913
0.276983 0.044213
0.276983 0.078023
0.276983 0.079324
0.276983 0.098830
0.276983 0.118336
0.276983 0.119636
0.276983 0.317295
0.276983 0.318596
0.278283 0.097529
0.278283 0.100130
0.282185 0.042913
0.282185 0.053316
0.282185 0.299090
0.282185 0.301691
0.283485 0.053316
0.283485 0.054616
0.283485 0.300390
0.283485 0.317295
0.283485 0.318596
0.283485 0.530559
0.283485 0.689207
0.284785 0.133940
0.284785 0.236671
0.284785 0.299090
0.284785 0.301691
0.284785 0.317295
0.284785 0.318596
0.284785 0.530559
0.284785 0.531860
0.286086 0.039012
0.286086 0.041612
0.286086 0.133940
0.286086 0.235371
0.287386 0.040312
0.287386 0.096229
0.287386 0.097529
0.287386 0.104031
0.287386 0.105332
0.287386 0.110533
0.287386 0.234070
0.287386 0.236671
0.288687 0.039012
0.288687 0.041612
0.288687 0.052016
0.288687 0.083225
0.288687 0.096229
0.288687 0.097529
0.288687 0.104031
0.288687 0.105332
0.288687 0.110533
0.288687 0.111834
0.289987 0.052016
0.289987 0.053316
0.289987 0.083225
0.289987 0.089727
0.289987 0.091027
0.289987 0.104031
0.289987 0.105332
0.291287 0.089727
0.291287 0.091027
0.292588 0.089727
0.292588 0.091027
0.293888 0.254876
0.293888 0.711313
0.295189 0.427828
0.296489 0.427828
0.296489 0.429129
0.296489 0.542263
0.297789 0.542263
0.297789 0.543563
0.302991 0.338101
0.302991 0.340702
0.302991 0.520156
0.302991 0.725618
0.304291 0.325098
0.304291 0.326398
0.304291 0.339402
0.304291 0.520156
0.304291 0.576073
0.305592 0.036411
0.305592 0.039012
0.305592 0.325098
0.305592 0.326398
0.305592 0.338101
0.305592 0.340702
0.306892 0.037711
0.306892 0.049415
0.306892 0.050715
0.306892 0.682705
0.308192 0.036411
0.308192 0.039012
0.308192 0.049415
0.308192 0.050715
0.308192 0.098830
0.308192 0.101430
0.308192 0.132640
0.308192 0.423927
0.309493 0.049415
0.309493 0.050715
0.309493 0.100130
0.309493 0.133940
0.309493 0.423927
0.310793 0.093628
0.310793 0.098830
0.310793 0.101430
0.310793 0.117035
0.310793 0.118336
0.310793 0.135241
0.312094 0.029909
0.312094 0.031209
0.312094 0.093628
0.312094 0.094928
0.312094 0.117035
0.312094 0.118336
0.312094 0.156047
0.312094 0.157347
0.312094 0.163849
0.312094 0.516255
0.312094 0.517555
0.313394 0.029909
0.313394 0.031209
0.313394 0.048114
0.313394 0.049415
0.313394 0.157347
0.313394 0.170351
0.313394 0.516255
0.313394 0.517555
0.314694 0.048114
0.314694 0.049415
0.315995 0.048114
0.315995 0.049415
0.315995 0.490247
0.315995 0.512354
0.315995 0.513654
0.315995 0.514954
0.315995 0.517555
0.317295 0.490247
0.317295 0.491547
0.317295 0.512354
0.317295 0.514954
0.317295 0.517555
0.318596 0.512354
0.318596 0.513654
0.318596 0.514954
0.318596 0.517555
0.319896 0.044213
0.319896 0.046814
0.319896 0.132640
0.319896 0.530559
0.321196 0.029909
0.321196 0.044213
0.321196 0.045514
0.321196 0.046814
0.321196 0.132640
0.321196 0.387516
0.321196 0.530559
0.321196 0.531860
0.322497 0.044213
0.322497 0.046814
0.322497 0.347204
0.322497 0.348505
0.322497 0.355007
0.322497 0.361508
0.322497 0.386216
0.322497 0.387516
0.322497 0.395319
0.322497 0.405722
0.323797 0.314694
0.323797 0.315995
0.323797 0.327698
0.323797 0.347204
0.323797 0.348505
0.323797 0.355007
0.323797 0.374512
0.323797 0.378414
0.323797 0.383615
0.323797 0.386216
0.323797 0.387516
0.323797 0.712614
0.325098 0.314694
0.325098 0.315995
0.325098 0.327698
0.325098 0.374512
0.325098 0.378414
0.325098 0.379714
0.325098 0.383615
0.325098 0.539662
0.325098 0.540962
0.325098 0.712614
0.325098 0.765930
0.325098 0.768531
0.326398 0.149545
0.326398 0.150845
0.326398 0.539662
0.326398 0.540962
0.326398 0.758127
0.326398 0.767230
0.327698 0.046814
0.327698 0.049415
0.327698 0.072822
0.327698 0.074122
0.327698 0.149545
0.327698 0.150845
0.327698 0.436931
0.327698 0.438231
0.327698 0.442133
0.327698 0.443433
0.327698 0.448635
0.327698 0.449935
0.327698 0.455137
0.327698 0.539662
0.327698 0.540962
0.327698 0.765930
0.327698 0.768531
0.328999 0.048114
0.328999 0.072822
0.328999 0.074122
0.328999 0.436931
0.328999 0.438231
0.328999 0.442133
0.328999 0.443433
0.328999 0.444733
0.328999 0.455137
0.328999 0.459038
0.328999 0.546164
0.328999 0.723017
0.328999 0.772432
0.328999 0.778934
0.328999 0.781534
0.330299 0.028609
0.330299 0.029909
0.330299 0.046814
0.330299 0.049415
0.330299 0.546164
0.330299 0.547464
0.330299 0.723017
0.330299 0.724317
0.330299 0.780234
0.331599 0.028609
0.331599 0.029909
0.331599 0.093628
0.331599 0.110533
0.331599 0.111834
0.331599 0.462939
0.331599 0.466840
0.331599 0.778934
0.331599 0.781534
0.332900 0.028609
0.332900 0.029909
0.332900 0.078023
0.332900 0.079324
0.332900 0.085826
0.332900 0.093628
0.332900 0.110533
0.332900 0.111834
0.332900 0.310793
0.332900 0.312094
0.332900 0.466840
0.332900 0.477243
0.332900 0.478544
0.332900 0.726918
0.332900 0.730819
0.334200 0.078023
0.334200 0.079324
0.334200 0.085826
0.334200 0.087126
0.334200 0.296489
0.334200 0.466840
0.334200 0.472042
0.334200 0.477243
0.334200 0.478544
0.334200 0.483745
0.334200 0.501951
0.334200 0.503251
0.334200 0.786736
0.335501 0.078023
0.335501 0.079324
0.335501 0.148244
0.335501 0.149545
0.335501 0.157347
0.335501 0.158648
0.335501 0.163849
0.335501 0.296489
0.335501 0.297789
0.335501 0.494148
0.335501 0.495449
0.335501 0.501951
0.335501 0.503251
0.335501 0.559168
0.335501 0.560468
0.335501 0.786736
0.336801 0.148244
0.336801 0.149545
0.336801 0.157347
0.336801 0.158648
0.336801 0.163849
0.336801 0.165150
0.336801 0.312094
0.336801 0.559168
0.338101 0.148244
0.338101 0.149545
0.338101 0.310793
0.338101 0.312094
0.338101 0.317295
0.338101 0.318596
0.338101 0.323797
0.338101 0.325098
0.338101 0.326398
0.338101 0.565670
0.338101 0.566970
0.338101 0.790637
0.339402 0.317295
0.339402 0.318596
0.339402 0.323797
0.339402 0.326398
0.339402 0.565670
0.339402 0.566970
0.339402 0.797139
0.340702 0.323797
0.340702 0.325098
0.340702 0.326398
0.340702 0.332900
0.340702 0.572172
0.340702 0.573472
0.342003 0.331599
0.342003 0.332900
0.342003 0.520156
0.342003 0.572172
0.342003 0.573472
0.343303 0.340702
0.344603 0.340702
0.344603 0.342003
0.344603 0.801040
0.344603 0.803641
0.345904 0.352406
0.345904 0.498049
0.345904 0.499350
0.345904 0.534460
0.345904 0.535761
0.345904 0.579974
0.345904 0.802341
0.347204 0.028609
0.347204 0.362809
0.347204 0.498049
0.347204 0.499350
0.347204 0.514954
0.347204 0.517555
0.347204 0.579974
0.347204 0.801040
0.347204 0.803641
0.348505 0.028609
0.348505 0.040312
0.348505 0.041612
0.348505 0.361508
0.348505 0.362809
0.348505 0.516255
0.349805 0.040312
0.349805 0.041612
0.349805 0.361508
0.349805 0.362809
0.349805 0.514954
0.349805 0.517555
0.349805 0.526658
0.349805 0.542263
0.349805 0.543563
0.351105 0.040312
0.351105 0.041612
0.351105 0.313394
0.351105 0.315995
0.351105 0.361508
0.351105 0.362809
0.351105 0.526658
0.351105 0.527958
0.351105 0.542263
0.351105 0.543563
0.351105 0.586476
0.352406 0.187256
0.352406 0.188557
0.352406 0.314694
0.352406 0.586476
0.352406 0.807542
0.353706 0.084525
0.353706 0.143043
0.353706 0.185956
0.353706 0.187256
0.353706 0.188557
0.353706 0.313394
0.353706 0.315995
0.353706 0.707412
0.353706 0.708713
0.353706 0.807542
0.355007 0.028609
0.355007 0.075423
0.355007 0.084525
0.355007 0.085826
0.355007 0.092328
0.355007 0.115735
0.355007 0.143043
0.355007 0.144343
0.355007 0.159948
0.355007 0.161248
0.355007 0.175553
0.355007 0.178153
0.355007 0.512354
0.355007 0.513654
0.355007 0.707412
0.355007 0.708713
0.356307 0.061118
0.356307 0.075423
0.356307 0.076723
0.356307 0.097529
0.356307 0.098830
0.356307 0.100130
0.356307 0.106632
0.356307 0.115735
0.356307 0.159948
0.356307 0.161248
0.356307 0.176853
0.356307 0.328999
0.356307 0.512354
0.356307 0.513654
0.356307 0.811443
0.356307 0.812744
0.357607 0.061118
0.357607 0.097529
0.357607 0.100130
0.357607 0.106632
0.357607 0.107932
0.357607 0.175553
0.357607 0.178153
0.357607 0.328999
0.357607 0.330299
0.357607 0.512354
0.357607 0.513654
0.357607 0.603381
0.357607 0.811443
0.357607 0.812744
0.358908 0.097529
0.358908 0.098830
0.358908 0.100130
0.358908 0.715215
0.358908 0.816645
0.360208 0.144343
0.360208 0.145644
0.360208 0.185956
0.360208 0.345904
0.360208 0.715215
0.361508 0.144343
0.361508 0.145644
0.361508 0.345904
0.361508 0.347204
0.362809 0.821847
0.362809 0.823147
0.364109 0.037711
0.364109 0.039012
0.364109 0.488947
0.364109 0.821847
0.364109 0.823147
0.365410 0.037711
0.365410 0.039012
0.365410 0.360208
0.365410 0.488947
0.365410 0.490247
0.366710 0.120936
0.366710 0.123537
0.366710 0.365410
0.366710 0.366710
0.366710 0.370611
0.366710 0.431730
0.366710 0.433030
0.366710 0.505852
0.366710 0.507152
0.366710 0.729519
0.366710 0.732120
0.368010 0.122237
0.368010 0.365410
0.368010 0.366710
0.368010 0.374512
0.368010 0.483745
0.368010 0.486346
0.368010 0.505852
0.368010 0.507152
0.368010 0.730819
0.369311 0.079324
0.369311 0.094928
0.369311 0.120936
0.369311 0.123537
0.369311 0.146944
0.369311 0.154746
0.369311 0.374512
0.369311 0.384915
0.369311 0.485046
0.369311 0.729519
0.369311 0.732120
0.370611 0.036411
0.370611 0.037711
0.370611 0.079324
0.370611 0.080624
0.370611 0.094928
0.370611 0.096229
0.370611 0.146944
0.370611 0.148244
0.370611 0.154746
0.370611 0.383615
0.370611 0.390117
0.370611 0.391417
0.370611 0.392718
0.370611 0.483745
0.370611 0.486346
0.370611 0.828349
0.370611 0.829649
0.370611 0.830949
0.371912 0.036411
0.371912 0.037711
0.371912 0.053316
0.371912 0.070221
0.371912 0.072822
0.371912 0.390117
0.371912 0.391417
0.371912 0.392718
0.371912 0.828349
0.371912 0.830949
0.373212 0.026008
0.373212 0.053316
0.373212 0.054616
0.373212 0.071521
0.373212 0.390117
0.373212 0.391417
0.373212 0.392718
0.373212 0.739922
0.373212 0.828349
0.373212 0.829649
0.373212 0.830949
0.374512 0.070221
0.374512 0.072822
0.374512 0.101430
0.374512 0.137841
0.374512 0.139142
0.374512 0.183355
0.374512 0.184655
0.374512 0.462939
0.374512 0.739922
0.374512 0.836151
0.375813 0.101430
0.375813 0.137841
0.375813 0.139142
0.375813 0.183355
0.375813 0.184655
0.375813 0.313394
0.375813 0.462939
0.375813 0.473342
0.375813 0.500650
0.375813 0.550065
0.375813 0.746424
0.375813 0.836151
0.375813 0.843953
0.377113 0.002601
0.377113 0.473342
0.377113 0.477243
0.377113 0.478544
0.377113 0.500650
0.377113 0.550065
0.377113 0.551365
0.377113 0.708713
0.377113 0.843953
0.377113 0.845254
0.378414 0.002601
0.378414 0.003901
0.378414 0.205462
0.378414 0.213264
0.378414 0.327698
0.378414 0.477243
0.378414 0.478544
0.378414 0.482445
0.378414 0.708713
0.378414 0.710013
0.378414 0.752926
0.379714 0.205462
0.379714 0.211964
0.379714 0.218466
0.379714 0.221066
0.379714 0.327698
0.379714 0.338101
0.379714 0.340702
0.379714 0.390117
0.379714 0.477243
0.379714 0.478544
0.379714 0.681404
0.379714 0.752926
0.381014 0.210663
0.381014 0.213264
0.381014 0.219766
0.381014 0.224967
0.381014 0.339402
0.381014 0.390117
0.381014 0.391417
0.381014 0.847854
0.382315 0.001300
0.382315 0.218466
0.382315 0.221066
0.382315 0.224967
0.382315 0.338101
0.382315 0.340702
0.382315 0.758127
0.382315 0.759428
0.382315 0.847854
0.382315 0.849155
0.383615 0.001300
0.383615 0.002601
0.383615 0.287386
0.383615 0.293888
0.383615 0.295189
0.383615 0.352406
0.383615 0.353706
0.383615 0.499350
0.383615 0.677503
0.383615 0.680104
0.383615 0.723017
0.383615 0.724317
0.383615 0.758127
0.383615 0.759428
0.384915 0.271782
0.384915 0.274382
0.384915 0.283485
0.384915 0.287386
0.384915 0.288687
0.384915 0.293888
0.384915 0.295189
0.384915 0.352406
0.384915 0.353706
0.384915 0.499350
0.384915 0.505852
0.384915 0.678804
0.384915 0.723017
0.384915 0.724317
0.386216 0.273082
0.386216 0.279584
0.386216 0.280884
0.386216 0.283485
0.386216 0.284785
0.386216 0.364109
0.386216 0.505852
0.386216 0.544863
0.386216 0.546164
0.386216 0.677503
0.386216 0.680104
0.386216 0.704811
0.386216 0.850455
0.387516 0.271782
0.387516 0.279584
0.387516 0.280884
0.387516 0.366710
0.387516 0.370611
0.387516 0.456437
0.387516 0.544863
0.387516 0.546164
0.387516 0.684005
0.387516 0.704811
0.387516 0.706112
0.387516 0.850455
0.387516 0.851756
0.388817 0.080624
0.388817 0.140442
0.388817 0.370611
0.388817 0.371912
0.388817 0.384915
0.388817 0.386216
0.388817 0.456437
0.388817 0.457737
0.388817 0.509753
0.388817 0.511053
0.388817 0.684005
0.388817 0.686606
0.388817 0.690507
0.388817 0.693108
0.388817 0.764629
0.390117 0.022107
0.390117 0.023407
0.390117 0.029909
0.390117 0.052016
0.390117 0.080624
0.390117 0.081925
0.390117 0.314694
0.390117 0.378414
0.390117 0.384915
0.390117 0.386216
0.390117 0.387516
0.390117 0.509753
0.390117 0.511053
0.390117 0.565670
0.390117 0.566970
0.390117 0.686606
0.390117 0.691808
0.390117 0.764629
0.390117 0.765930
0.391417 0.022107
0.391417 0.023407
0.391417 0.052016
0.391417 0.053316
0.391417 0.315995
0.391417 0.378414
0.391417 0.384915
0.391417 0.386216
0.391417 0.387516
0.391417 0.542263
0.391417 0.565670
0.391417 0.566970
0.391417 0.690507
0.391417 0.693108
0.391417 0.855657
0.392718 0.067620
0.392718 0.085826
0.392718 0.087126
0.392718 0.088427
0.392718 0.093628
0.392718 0.094928
0.392718 0.118336
0.392718 0.119636
0.392718 0.314694
0.392718 0.317295
0.392718 0.386216
0.392718 0.387516
0.392718 0.542263
0.392718 0.543563
0.392718 0.634590
0.392718 0.855657
0.392718 0.856957
0.392718 0.862159
0.394018 0.001300
0.394018 0.061118
0.394018 0.067620
0.394018 0.068921
0.394018 0.085826
0.394018 0.093628
0.394018 0.094928
0.394018 0.118336
0.394018 0.119636
0.394018 0.323797
0.394018 0.563069
0.394018 0.634590
0.394018 0.769831
0.394018 0.862159
0.395319 0.000000
0.395319 0.001300
0.395319 0.061118
0.395319 0.062419
0.395319 0.085826
0.395319 0.087126
0.395319 0.088427
0.395319 0.323797
0.395319 0.543563
0.395319 0.544863
0.395319 0.563069
0.395319 0.564369
0.395319 0.769831
0.395319 0.771131
0.396619 0.336801
0.396619 0.488947
0.397919 0.023407
0.397919 0.031209
0.397919 0.144343
0.397919 0.152146
0.397919 0.169051
0.397919 0.170351
0.397919 0.291287
0.397919 0.292588
0.397919 0.335501
0.397919 0.336801
0.397919 0.488947
0.397919 0.490247
0.397919 0.540962
0.397919 0.868661
0.397919 0.871261
0.399220 0.049415
0.399220 0.050715
0.399220 0.136541
0.399220 0.137841
0.399220 0.144343
0.399220 0.145644
0.399220 0.152146
0.399220 0.153446
0.399220 0.169051
0.399220 0.291287
0.399220 0.292588
0.399220 0.334200
0.399220 0.336801
0.399220 0.540962
0.399220 0.542263
0.399220 0.559168
0.399220 0.644993
0.399220 0.646294
0.399220 0.869961
0.400520 0.049415
0.400520 0.050715
0.400520 0.136541
0.400520 0.137841
0.400520 0.345904
0.400520 0.644993
0.400520 0.646294
0.400520 0.647594
0.400520 0.716515
0.400520 0.868661
0.400520 0.871261
0.401821 0.345904
0.401821 0.347204
0.401821 0.485046
0.401821 0.716515
0.401821 0.717815
0.403121 0.352406
0.403121 0.353706
0.403121 0.452536
0.403121 0.453836
0.403121 0.540962
0.403121 0.577373
0.403121 0.875163
0.404421 0.052016
0.404421 0.053316
0.404421 0.054616
0.404421 0.215865
0.404421 0.217165
0.404421 0.353706
0.404421 0.452536
0.404421 0.453836
0.404421 0.540962
0.404421 0.557867
0.404421 0.577373
0.404421 0.604681
0.404421 0.657997
0.404421 0.781534
0.405722 0.029909
0.405722 0.052016
0.405722 0.215865
0.405722 0.217165
0.405722 0.365410
0.405722 0.604681
0.405722 0.605982
0.405722 0.657997
0.405722 0.781534
0.405722 0.782835
0.407022 0.020806
0.407022 0.029909
0.407022 0.031209
0.407022 0.052016
0.407022 0.053316
0.407022 0.054616
0.407022 0.139142
0.407022 0.215865
0.407022 0.217165
0.407022 0.365410
0.407022 0.395319
0.407022 0.397919
0.407022 0.509753
0.408322 0.085826
0.408322 0.088427
0.408322 0.139142
0.408322 0.175553
0.408322 0.176853
0.408322 0.396619
0.408322 0.509753
0.408322 0.511053
0.409623 0.087126
0.409623 0.175553
0.409623 0.176853
0.409623 0.308192
0.409623 0.378414
0.409623 0.379714
0.409623 0.381014
0.409623 0.395319
0.409623 0.396619
0.409623 0.397919
0.409623 0.788036
0.409623 0.790637
0.409623 0.879064
0.409623 0.881664
0.410923 0.070221
0.410923 0.080624
0.410923 0.085826
0.410923 0.088427
0.410923 0.092328
0.410923 0.117035
0.410923 0.196359
0.410923 0.313394
0.410923 0.378414
0.410923 0.379714
0.410923 0.381014
0.410923 0.789337
0.410923 0.880364
0.412224 0.070221
0.412224 0.075423
0.412224 0.080624
0.412224 0.081925
0.412224 0.092328
0.412224 0.097529
0.412224 0.109233
0.412224 0.110533
0.412224 0.117035
0.412224 0.156047
0.412224 0.157347
0.412224 0.196359
0.412224 0.313394
0.412224 0.378414
0.412224 0.381014
0.412224 0.555267
0.412224 0.726918
0.412224 0.788036
0.412224 0.790637
0.412224 0.879064
0.412224 0.881664
0.413524 0.075423
0.413524 0.097529
0.413524 0.098830
0.413524 0.102731
0.413524 0.109233
0.413524 0.110533
0.413524 0.156047
0.413524 0.157347
0.413524 0.555267
0.413524 0.726918
0.414824 0.102731
0.414824 0.104031
0.414824 0.130039
0.414824 0.163849
0.414824 0.678804
0.414824 0.680104
0.414824 0.681404
0.414824 0.733420
0.414824 0.734720
0.416125 0.045514
0.416125 0.678804
0.416125 0.680104
0.416125 0.681404
0.416125 0.733420
0.416125 0.734720
0.417425 0.045514
0.417425 0.046814
0.417425 0.172952
0.417425 0.326398
0.417425 0.378414
0.417425 0.379714
0.417425 0.801040
0.417425 0.802341
0.418726 0.172952
0.418726 0.326398
0.418726 0.327698
0.418726 0.378414
0.418726 0.379714
0.418726 0.396619
0.418726 0.397919
0.418726 0.592978
0.418726 0.801040
0.418726 0.802341
0.420026 0.378414
0.420026 0.379714
0.420026 0.396619
0.420026 0.397919
0.420026 0.451235
0.420026 0.452536
0.420026 0.801040
0.420026 0.802341
0.421326 0.273082
0.421326 0.274382
0.421326 0.451235
0.421326 0.452536
0.422627 0.273082
0.422627 0.274382
0.422627 0.451235
0.422627 0.452536
0.422627 0.585176
0.422627 0.587776
0.423927 0.273082
0.423927 0.274382
0.423927 0.340702
0.423927 0.342003
0.423927 0.586476
0.425228 0.292588
0.425228 0.295189
0.425228 0.340702
0.425228 0.342003
0.425228 0.585176
0.425228 0.587776
0.425228 0.820546
0.426528 0.293888
0.426528 0.758127
0.426528 0.759428
0.427828 0.292588
0.427828 0.295189
0.427828 0.377113
0.427828 0.394018
0.427828 0.395319
0.427828 0.758127
0.427828 0.759428
0.429129 0.126138
0.429129 0.127438
0.429129 0.128739
0.429129 0.348505
0.429129 0.377113
0.429129 0.378414
0.429129 0.394018
0.429129 0.395319
0.430429 0.041612
0.430429 0.042913
0.430429 0.044213
0.430429 0.126138
0.430429 0.128739
0.430429 0.348505
0.430429 0.349805
0.430429 0.394018
0.430429 0.395319
0.430429 0.452536
0.431730 0.018205
0.431730 0.041612
0.431730 0.044213
0.431730 0.097529
0.431730 0.100130
0.431730 0.126138
0.431730 0.127438
0.431730 0.128739
0.431730 0.154746
0.431730 0.174252
0.431730 0.352406
0.431730 0.452536
0.431730 0.486346
0.431730 0.503251
0.433030 0.010403
0.433030 0.013004
0.433030 0.018205
0.433030 0.024707
0.433030 0.026008
0.433030 0.041612
0.433030 0.042913
0.433030 0.044213
0.433030 0.098830
0.433030 0.145644
0.433030 0.146944
0.433030 0.154746
0.433030 0.156047
0.433030 0.174252
0.433030 0.352406
0.433030 0.486346
0.433030 0.503251
0.433030 0.504551
0.433030 0.773732
0.434330 0.010403
0.434330 0.011704
0.434330 0.013004
0.434330 0.024707
0.434330 0.026008
0.434330 0.097529
0.434330 0.100130
0.434330 0.136541
0.434330 0.145644
0.434330 0.146944
0.434330 0.317295
0.434330 0.358908
0.434330 0.377113
0.434330 0.449935
0.434330 0.778934
0.435631 0.010403
0.435631 0.013004
0.435631 0.024707
0.435631 0.026008
0.435631 0.317295
0.435631 0.358908
0.435631 0.392718
0.435631 0.449935
0.435631 0.451235
0.435631 0.720416
0.435631 0.723017
0.435631 0.833550
0.435631 0.834850
0.435631 0.836151
0.436931 0.052016
0.436931 0.053316
0.436931 0.057217
0.436931 0.058518
0.436931 0.062419
0.436931 0.063719
0.436931 0.074122
0.436931 0.076723
0.436931 0.081925
0.436931 0.092328
0.436931 0.366710
0.436931 0.392718
0.436931 0.570871
0.436931 0.573472
0.436931 0.721717
0.436931 0.791938
0.436931 0.833550
0.436931 0.834850
0.436931 0.836151
0.438231 0.057217
0.438231 0.058518
0.438231 0.062419
0.438231 0.063719
0.438231 0.075423
0.438231 0.081925
0.438231 0.087126
0.438231 0.092328
0.438231 0.105332
0.438231 0.106632
0.438231 0.107932
0.438231 0.169051
0.438231 0.171651
0.438231 0.366710
0.438231 0.392718
0.438231 0.572172
0.438231 0.720416
0.438231 0.723017
0.438231 0.791938
0.438231 0.793238
0.438231 0.833550
0.438231 0.834850
0.438231 0.836151
0.439532 0.057217
0.439532 0.058518
0.439532 0.074122
0.439532 0.076723
0.439532 0.105332
0.439532 0.107932
0.439532 0.170351
0.439532 0.570871
0.439532 0.573472
0.439532 0.833550
0.439532 0.834850
0.440832 0.105332
0.440832 0.106632
0.440832 0.107932
0.440832 0.169051
0.440832 0.171651
0.440832 0.335501
0.440832 0.465540
0.440832 0.729519
0.440832 0.833550
0.440832 0.834850
0.442133 0.011704
0.442133 0.465540
0.442133 0.466840
0.442133 0.579974
0.442133 0.678804
0.442133 0.729519
0.442133 0.730819
0.442133 0.837451
0.442133 0.840052
0.443433 0.011704
0.443433 0.013004
0.443433 0.462939
0.443433 0.698309
0.443433 0.699610
0.443433 0.837451
0.443433 0.838752
0.443433 0.840052
0.443433 0.843953
0.443433 0.845254
0.444733 0.039012
0.444733 0.224967
0.444733 0.342003
0.444733 0.388817
0.444733 0.626788
0.444733 0.698309
0.444733 0.699610
0.444733 0.736021
0.444733 0.737321
0.444733 0.837451
0.444733 0.840052
0.444733 0.843953
0.444733 0.845254
0.446034 0.022107
0.446034 0.023407
0.446034 0.039012
0.446034 0.224967
0.446034 0.226268
0.446034 0.342003
0.446034 0.399220
0.446034 0.400520
0.446034 0.408322
0.446034 0.410923
0.446034 0.413524
0.446034 0.461638
0.446034 0.698309
0.446034 0.699610
0.446034 0.736021
0.446034 0.737321
0.447334 0.124837
0.447334 0.399220
0.447334 0.400520
0.447334 0.409623
0.447334 0.412224
0.447334 0.804941
0.448635 0.124837
0.448635 0.126138
0.448635 0.408322
0.448635 0.410923
0.448635 0.413524
0.448635 0.496749
0.448635 0.804941
0.448635 0.806242
0.449935 0.066320
0.449935 0.071521
0.449935 0.074122
0.449935 0.170351
0.449935 0.418726
0.449935 0.460338
0.449935 0.496749
0.449935 0.743823
0.449935 0.745124
0.451235 0.049415
0.451235 0.050715
0.451235 0.055917
0.451235 0.066320
0.451235 0.067620
0.451235 0.072822
0.451235 0.094928
0.451235 0.418726
0.451235 0.420026
0.451235 0.429129
0.451235 0.460338
0.451235 0.603381
0.451235 0.604681
0.451235 0.743823
0.451235 0.745124
0.451235 0.840052
0.452536 0.044213
0.452536 0.049415
0.452536 0.050715
0.452536 0.055917
0.452536 0.057217
0.452536 0.061118
0.452536 0.071521
0.452536 0.074122
0.452536 0.094928
0.452536 0.362809
0.452536 0.429129
0.452536 0.436931
0.452536 0.603381
0.452536 0.604681
0.452536 0.641092
0.452536 0.642393
0.453836 0.020806
0.453836 0.061118
0.453836 0.062419
0.453836 0.123537
0.453836 0.124837
0.453836 0.146944
0.453836 0.436931
0.453836 0.641092
0.453836 0.642393
0.453836 0.671001
0.453836 0.816645
0.455137 0.020806
0.455137 0.123537
0.455137 0.124837
0.455137 0.146944
0.455137 0.148244
0.455137 0.671001
0.455137 0.694408
0.455137 0.816645
0.455137 0.817945
0.455137 0.856957
0.455137 0.858257
0.456437 0.006502
0.456437 0.009103
0.456437 0.370611
0.456437 0.457737
0.456437 0.856957
0.456437 0.858257
0.457737 0.007802
0.457737 0.102731
0.457737 0.370611
0.457737 0.457737
0.457737 0.459038
0.457737 0.691808
0.457737 0.694408
0.457737 0.758127
0.457737 0.823147
0.459038 0.006502
0.459038 0.009103
0.459038 0.102731
0.459038 0.378414
0.459038 0.693108
0.459038 0.758127
0.459038 0.823147
0.460338 0.469441
0.460338 0.470741
0.460338 0.555267
0.460338 0.691808
0.460338 0.694408
0.460338 0.769831
0.461638 0.469441
0.461638 0.470741
0.461638 0.508453
0.461638 0.555267
0.461638 0.769831
0.461638 0.829649
0.461638 0.834850
0.461638 0.836151
0.461638 0.862159
0.461638 0.863459
0.462939 0.488947
0.462939 0.491547
0.462939 0.620286
0.462939 0.689207
0.462939 0.834850
0.462939 0.836151
0.462939 0.862159
0.462939 0.863459
0.464239 0.490247
0.464239 0.620286
0.464239 0.621586
0.464239 0.689207
0.464239 0.871261
0.465540 0.488947
0.465540 0.491547
0.465540 0.780234
0.465540 0.871261
0.465540 0.872562
0.466840 0.505852
0.466840 0.780234
0.466840 0.849155
0.466840 0.851756
0.468140 0.505852
0.468140 0.637191
0.468140 0.687906
0.468140 0.850455
0.469441 0.102731
0.469441 0.118336
0.469441 0.793238
0.469441 0.794538
0.469441 0.795839
0.469441 0.849155
0.469441 0.851756
0.470741 0.102731
0.470741 0.198960
0.470741 0.214564
0.470741 0.215865
0.470741 0.529259
0.470741 0.793238
0.470741 0.795839
0.472042 0.198960
0.472042 0.200260
0.472042 0.214564
0.472042 0.215865
0.472042 0.529259
0.472042 0.530559
0.472042 0.685306
0.472042 0.686606
0.472042 0.793238
0.472042 0.794538
0.472042 0.795839
0.473342 0.130039
0.473342 0.132640
0.473342 0.154746
0.473342 0.214564
0.473342 0.215865
0.473342 0.561769
0.473342 0.685306
0.473342 0.686606
0.474642 0.042913
0.474642 0.045514
0.474642 0.054616
0.474642 0.061118
0.474642 0.062419
0.474642 0.131339
0.474642 0.144343
0.474642 0.154746
0.474642 0.156047
0.474642 0.461638
0.474642 0.550065
0.474642 0.856957
0.475943 0.044213
0.475943 0.054616
0.475943 0.055917
0.475943 0.061118
0.475943 0.062419
0.475943 0.072822
0.475943 0.074122
0.475943 0.078023
0.475943 0.085826
0.475943 0.087126
0.475943 0.130039
0.475943 0.132640
0.475943 0.144343
0.475943 0.145644
0.475943 0.461638
0.475943 0.550065
0.475943 0.551365
0.475943 0.564369
0.475943 0.565670
0.475943 0.586476
0.475943 0.589077
0.475943 0.856957
0.477243 0.035111
0.477243 0.042913
0.477243 0.045514
0.477243 0.072822
0.477243 0.074122
0.477243 0.078023
0.477243 0.079324
0.477243 0.085826
0.477243 0.087126
0.477243 0.092328
0.477243 0.100130
0.477243 0.101430
0.477243 0.470741
0.477243 0.587776
0.477243 0.771131
0.478544 0.035111
0.478544 0.085826
0.478544 0.087126
0.478544 0.092328
0.478544 0.093628
0.478544 0.100130
0.478544 0.101430
0.478544 0.470741
0.478544 0.472042
0.478544 0.478544
0.478544 0.586476
0.478544 0.589077
0.478544 0.684005
0.478544 0.791938
0.479844 0.478544
0.479844 0.479844
0.479844 0.485046
0.479844 0.596879
0.479844 0.684005
0.479844 0.791938
0.481144 0.006502
0.481144 0.007802
0.481144 0.118336
0.481144 0.162549
0.481144 0.163849
0.481144 0.485046
0.481144 0.486346
0.481144 0.596879
0.481144 0.598179
0.481144 0.599480
0.481144 0.603381
0.481144 0.604681
0.481144 0.895969
0.482445 0.006502
0.482445 0.007802
0.482445 0.118336
0.482445 0.162549
0.482445 0.603381
0.482445 0.604681
0.482445 0.611183
0.482445 0.867360
0.482445 0.868661
0.482445 0.895969
0.482445 0.897269
0.483745 0.013004
0.483745 0.014304
0.483745 0.029909
0.483745 0.032510
0.483745 0.084525
0.483745 0.087126
0.483745 0.618986
0.483745 0.825748
0.483745 0.867360
0.483745 0.868661
0.485046 0.013004
0.485046 0.014304
0.485046 0.031209
0.485046 0.035111
0.485046 0.085826
0.485046 0.514954
0.485046 0.516255
0.485046 0.618986
0.485046 0.628088
0.485046 0.629389
0.485046 0.825748
0.486346 0.029909
0.486346 0.032510
0.486346 0.036411
0.486346 0.084525
0.486346 0.087126
0.486346 0.161248
0.486346 0.163849
0.486346 0.179454
0.486346 0.180754
0.486346 0.451235
0.486346 0.514954
0.486346 0.516255
0.486346 0.524057
0.486346 0.628088
0.486346 0.629389
0.486346 0.765930
0.486346 0.880364
0.487646 0.035111
0.487646 0.037711
0.487646 0.057217
0.487646 0.059818
0.487646 0.114434
0.487646 0.162549
0.487646 0.179454
0.487646 0.180754
0.487646 0.451235
0.487646 0.478544
0.487646 0.481144
0.487646 0.524057
0.487646 0.525358
0.487646 0.644993
0.487646 0.765930
0.487646 0.789337
0.487646 0.880364
0.488947 0.007802
0.488947 0.058518
0.488947 0.114434
0.488947 0.115735
0.488947 0.161248
0.488947 0.163849
0.488947 0.479844
0.488947 0.537061
0.488947 0.539662
0.488947 0.644993
0.488947 0.646294
0.488947 0.789337
0.488947 0.840052
0.490247 0.049415
0.490247 0.059818
0.490247 0.075423
0.490247 0.076723
0.490247 0.078023
0.490247 0.089727
0.490247 0.091027
0.490247 0.404421
0.490247 0.405722
0.490247 0.478544
0.490247 0.481144
0.490247 0.537061
0.490247 0.538362
0.490247 0.539662
0.490247 0.700910
0.490247 0.703511
0.490247 0.840052
0.491547 0.011704
0.491547 0.013004
0.491547 0.075423
0.491547 0.076723
0.491547 0.078023
0.491547 0.089727
0.491547 0.091027
0.491547 0.175553
0.491547 0.178153
0.491547 0.404421
0.491547 0.405722
0.491547 0.537061
0.491547 0.539662
0.491547 0.559168
0.491547 0.702211
0.492848 0.011704
0.492848 0.013004
0.492848 0.042913
0.492848 0.044213
0.492848 0.065020
0.492848 0.066320
0.492848 0.075423
0.492848 0.078023
0.492848 0.113134
0.492848 0.115735
0.492848 0.122237
0.492848 0.123537
0.492848 0.131339
0.492848 0.158648
0.492848 0.159948
0.492848 0.161248
0.492848 0.176853
0.492848 0.414824
0.492848 0.559168
0.492848 0.560468
0.492848 0.689207
0.492848 0.700910
0.492848 0.703511
0.492848 0.851756
0.494148 0.011704
0.494148 0.013004
0.494148 0.042913
0.494148 0.044213
0.494148 0.065020
0.494148 0.066320
0.494148 0.114434
0.494148 0.122237
0.494148 0.123537
0.494148 0.131339
0.494148 0.140442
0.494148 0.141743
0.494148 0.146944
0.494148 0.158648
0.494148 0.159948
0.494148 0.161248
0.494148 0.175553
0.494148 0.178153
0.494148 0.198960
0.494148 0.715215
0.494148 0.717815
0.494148 0.851756
0.495449 0.032510
0.495449 0.033810
0.495449 0.037711
0.495449 0.040312
0.495449 0.113134
0.495449 0.115735
0.495449 0.140442
0.495449 0.141743
0.495449 0.146944
0.495449 0.148244
0.495449 0.156047
0.495449 0.158648
0.495449 0.159948
0.495449 0.161248
0.495449 0.198960
0.495449 0.200260
0.495449 0.464239
0.495449 0.716515
0.495449 0.724317
0.496749 0.032510
0.496749 0.033810
0.496749 0.037711
0.496749 0.039012
0.496749 0.040312
0.496749 0.464239
0.496749 0.465540
0.496749 0.581274
0.496749 0.583875
0.496749 0.590377
0.496749 0.707412
0.496749 0.715215
0.496749 0.717815
0.496749 0.724317
0.496749 0.725618
0.496749 0.732120
0.496749 0.738622
0.496749 0.739922
0.496749 0.902471
0.498049 0.037711
0.498049 0.040312
0.498049 0.496749
0.498049 0.582575
0.498049 0.590377
0.498049 0.591678
0.498049 0.599480
0.498049 0.732120
0.498049 0.738622
0.498049 0.739922
0.498049 0.746424
0.498049 0.747724
0.498049 0.860858
0.498049 0.902471
0.498049 0.903771
0.499350 0.496749
0.499350 0.581274
0.499350 0.583875
0.499350 0.599480
0.499350 0.600780
0.499350 0.608583
0.499350 0.738622
0.499350 0.739922
0.499350 0.746424
0.499350 0.747724
0.499350 0.752926
0.499350 0.834850
0.499350 0.860858
0.500650 0.413524
0.500650 0.414824
0.500650 0.608583
0.500650 0.752926
0.500650 0.834850
0.500650 0.836151
0.501951 0.175553
0.501951 0.413524
0.501951 0.414824
0.501951 0.430429
0.501951 0.560468
0.503251 0.430429
0.503251 0.431730
0.503251 0.635891
0.503251 0.759428
0.503251 0.762029
0.503251 0.871261
0.504551 0.635891
0.504551 0.637191
0.504551 0.760728
0.504551 0.871261
0.505852 0.175553
0.505852 0.176853
0.505852 0.577373
0.505852 0.759428
0.505852 0.762029
0.507152 0.009103
0.507152 0.035111
0.507152 0.175553
0.507152 0.176853
0.507152 0.407022
0.507152 0.577373
0.507152 0.578674
0.507152 0.651495
0.507152 0.780234
0.507152 0.781534
0.508453 0.035111
0.508453 0.052016
0.508453 0.175553
0.508453 0.176853
0.508453 0.408322
0.508453 0.780234
0.508453 0.781534
0.509753 0.063719
0.509753 0.071521
0.509753 0.072822
0.509753 0.158648
0.509753 0.159948
0.509753 0.407022
0.509753 0.409623
0.509753 0.669701
0.509753 0.780234
0.509753 0.781534
0.509753 0.788036
0.509753 0.790637
0.509753 0.798440
0.509753 0.876463
0.509753 0.877763
0.511053 0.031209
0.511053 0.063719
0.511053 0.071521
0.511053 0.072822
0.511053 0.088427
0.511053 0.158648
0.511053 0.159948
0.511053 0.555267
0.511053 0.671001
0.511053 0.681404
0.511053 0.789337
0.511053 0.798440
0.511053 0.799740
0.511053 0.876463
0.511053 0.877763
0.512354 0.079324
0.512354 0.081925
0.512354 0.088427
0.512354 0.158648
0.512354 0.159948
0.512354 0.172952
0.512354 0.174252
0.512354 0.175553
0.512354 0.555267
0.512354 0.556567
0.512354 0.573472
0.512354 0.574772
0.512354 0.576073
0.512354 0.669701
0.512354 0.672302
0.512354 0.681404
0.512354 0.788036
0.512354 0.790637
0.513654 0.057217
0.513654 0.058518
0.513654 0.080624
0.513654 0.172952
0.513654 0.175553
0.513654 0.438231
0.513654 0.555267
0.513654 0.556567
0.513654 0.576073
0.513654 0.697009
0.513654 0.699610
0.513654 0.884265
0.514954 0.079324
0.514954 0.081925
0.514954 0.111834
0.514954 0.128739
0.514954 0.131339
0.514954 0.172952
0.514954 0.174252
0.514954 0.175553
0.514954 0.438231
0.514954 0.574772
0.514954 0.576073
0.514954 0.698309
0.514954 0.893368
0.514954 0.895969
0.516255 0.111834
0.516255 0.113134
0.516255 0.130039
0.516255 0.148244
0.516255 0.149545
0.516255 0.697009
0.516255 0.699610
0.516255 0.706112
0.516255 0.725618
0.516255 0.728218
0.516255 0.827048
0.516255 0.828349
0.516255 0.894668
0.516255 1.000000
0.517555 0.128739
0.517555 0.131339
0.517555 0.148244
0.517555 0.149545
0.517555 0.426528
0.517555 0.505852
0.517555 0.665800
0.517555 0.706112
0.517555 0.725618
0.517555 0.726918
0.517555 0.728218
0.517555 0.827048
0.517555 0.828349
0.517555 0.893368
0.517555 0.895969
0.518856 0.426528
0.518856 0.505852
0.518856 0.570871
0.518856 0.665800
0.518856 0.725618
0.518856 0.728218
0.518856 0.732120
0.518856 0.733420
0.518856 0.827048
0.518856 0.828349
0.518856 0.854356
0.518856 0.855657
0.518856 0.903771
0.518856 0.906372
0.520156 0.070221
0.520156 0.377113
0.520156 0.453836
0.520156 0.570871
0.520156 0.741222
0.520156 0.743823
0.520156 0.854356
0.520156 0.855657
0.520156 0.898570
0.520156 0.899870
0.520156 0.905072
0.521456 0.070221
0.521456 0.071521
0.521456 0.377113
0.521456 0.453836
0.521456 0.455137
0.521456 0.551365
0.521456 0.660598
0.521456 0.663199
0.521456 0.742523
0.521456 0.743823
0.521456 0.751625
0.521456 0.752926
0.521456 0.898570
0.521456 0.899870
0.521456 0.903771
0.521456 0.906372
0.522757 0.091027
0.522757 0.092328
0.522757 0.119636
0.522757 0.120936
0.522757 0.156047
0.522757 0.377113
0.522757 0.661899
0.522757 0.741222
0.522757 0.743823
0.522757 0.751625
0.522757 0.752926
0.522757 0.912874
0.524057 0.091027
0.524057 0.092328
0.524057 0.119636
0.524057 0.120936
0.524057 0.156047
0.524057 0.157347
0.524057 0.399220
0.524057 0.660598
0.524057 0.663199
0.525358 0.091027
0.525358 0.092328
0.525358 0.119636
0.525358 0.120936
0.525358 0.171651
0.525358 0.399220
0.525358 0.400520
0.526658 0.135241
0.526658 0.171651
0.526658 0.172952
0.526658 0.373212
0.526658 0.374512
0.526658 0.464239
0.526658 0.775033
0.526658 0.776333
0.527958 0.135241
0.527958 0.136541
0.527958 0.373212
0.527958 0.374512
0.527958 0.464239
0.527958 0.465540
0.527958 0.472042
0.527958 0.473342
0.527958 0.566970
0.527958 0.775033
0.527958 0.776333
0.527958 0.906372
0.529259 0.421326
0.529259 0.423927
0.529259 0.472042
0.529259 0.473342
0.529259 0.566970
0.529259 0.568270
0.529259 0.659298
0.529259 0.772432
0.529259 0.780234
0.529259 0.898570
0.530559 0.143043
0.530559 0.150845
0.530559 0.152146
0.530559 0.422627
0.530559 0.547464
0.530559 0.659298
0.530559 0.898570
0.531860 0.150845
0.531860 0.152146
0.531860 0.421326
0.531860 0.423927
0.531860 0.547464
0.531860 0.771131
0.531860 0.772432
0.531860 0.773732
0.531860 0.775033
0.533160 0.150845
0.533160 0.152146
0.533160 0.771131
0.533160 0.772432
0.533160 0.773732
0.534460 0.394018
0.534460 0.771131
0.534460 0.772432
0.534460 0.773732
0.534460 0.784135
0.534460 0.785436
0.534460 0.790637
0.534460 0.791938
0.534460 0.793238
0.535761 0.394018
0.535761 0.395319
0.535761 0.745124
0.535761 0.784135
0.535761 0.785436
0.535761 0.790637
0.535761 0.791938
0.535761 0.793238
0.537061 0.410923
0.537061 0.417425
0.537061 0.460338
0.537061 0.563069
0.537061 0.769831
0.537061 0.790637
0.537061 0.791938
0.537061 0.793238
0.537061 0.801040
0.537061 0.802341
0.538362 0.153446
0.538362 0.391417
0.538362 0.417425
0.538362 0.460338
0.538362 0.563069
0.538362 0.769831
0.538362 0.801040
0.538362 0.802341
0.538362 0.816645
0.538362 0.817945
0.539662 0.391417
0.539662 0.392718
0.539662 0.801040
0.539662 0.802341
0.539662 0.816645
0.539662 0.817945
0.539662 0.823147
0.540962 0.767230
0.540962 0.823147
0.540962 0.824447
0.540962 0.830949
0.540962 0.837451
0.540962 0.868661
0.540962 0.871261
0.542263 0.423927
0.542263 0.767230
0.542263 0.768531
0.542263 0.830949
0.542263 0.832250
0.542263 0.838752
0.542263 0.868661
0.542263 0.869961
0.542263 0.871261
0.543563 0.423927
0.543563 0.842653
0.543563 0.868661
0.543563 0.871261
0.544863 0.764629
0.544863 0.767230
0.544863 0.842653
0.546164 0.516255
0.546164 0.517555
0.546164 0.765930
0.547464 0.659298
0.547464 0.660598
0.547464 0.739922
0.547464 0.767230
0.548765 0.486346
0.548765 0.559168
0.548765 0.659298
0.548765 0.660598
0.548765 0.739922
0.550065 0.435631
0.550065 0.456437
0.550065 0.486346
0.550065 0.559168
0.550065 0.560468
0.550065 0.665800
0.550065 0.764629
0.550065 0.765930
0.551365 0.456437
0.551365 0.665800
0.551365 0.680104
0.551365 0.764629
0.551365 0.765930
0.552666 0.521456
0.552666 0.522757
0.552666 0.524057
0.552666 0.672302
0.552666 0.673602
0.552666 0.680104
0.552666 0.686606
0.552666 0.689207
0.552666 0.764629
0.552666 0.765930
0.553966 0.521456
0.553966 0.524057
0.553966 0.566970
0.553966 0.672302
0.553966 0.673602
0.553966 0.686606
0.553966 0.687906
0.553966 0.689207
0.553966 0.697009
0.553966 0.698309
0.553966 0.736021
0.555267 0.521456
0.555267 0.522757
0.555267 0.524057
0.555267 0.566970
0.555267 0.568270
0.555267 0.672302
0.555267 0.673602
0.555267 0.686606
0.555267 0.689207
0.555267 0.697009
0.555267 0.698309
0.555267 0.762029
0.555267 0.763329
0.556567 0.762029
0.556567 0.763329
0.557867 0.762029
0.557867 0.763329
0.557867 0.864759
0.559168 0.446034
0.559168 0.648895
0.559168 0.650195
0.559168 0.758127
0.559168 0.864759
0.560468 0.446034
0.560468 0.447334
0.560468 0.578674
0.560468 0.648895
0.560468 0.650195
0.560468 0.715215
0.560468 0.758127
0.561769 0.451235
0.561769 0.648895
0.561769 0.650195
0.563069 0.451235
0.563069 0.654096
0.563069 0.733420
0.563069 0.756827
0.563069 0.758127
0.563069 0.788036
0.563069 0.789337
0.564369 0.371912
0.564369 0.374512
0.564369 0.534460
0.564369 0.535761
0.564369 0.654096
0.564369 0.655397
0.564369 0.659298
0.564369 0.733420
0.564369 0.756827
0.564369 0.758127
0.564369 0.788036
0.564369 0.789337
0.564369 0.806242
0.565670 0.351105
0.565670 0.352406
0.565670 0.373212
0.565670 0.534460
0.565670 0.535761
0.565670 0.723017
0.565670 0.756827
0.565670 0.758127
0.565670 0.806242
0.566970 0.351105
0.566970 0.352406
0.566970 0.371912
0.566970 0.374512
0.566970 0.667100
0.566970 0.669701
0.566970 0.672302
0.566970 0.723017
0.566970 0.778934
0.566970 0.780234
0.566970 0.810143
0.566970 0.811443
0.568270 0.548765
0.568270 0.667100
0.568270 0.671001
0.568270 0.752926
0.568270 0.755527
0.568270 0.778934
0.568270 0.780234
0.568270 0.810143
0.568270 0.811443
0.569571 0.395319
0.569571 0.396619
0.569571 0.423927
0.569571 0.425228
0.569571 0.669701
0.569571 0.672302
0.569571 0.754226
0.569571 0.778934
0.569571 0.780234
0.570871 0.395319
0.570871 0.396619
0.570871 0.423927
0.570871 0.425228
0.570871 0.431730
0.570871 0.752926
0.570871 0.755527
0.570871 0.820546
0.572172 0.395319
0.572172 0.396619
0.572172 0.423927
0.572172 0.425228
0.572172 0.526658
0.572172 0.529259
0.572172 0.555267
0.572172 0.556567
0.572172 0.641092
0.572172 0.642393
0.572172 0.726918
0.572172 0.729519
0.572172 0.820546
0.573472 0.365410
0.573472 0.527958
0.573472 0.555267
0.573472 0.556567
0.573472 0.641092
0.573472 0.642393
0.573472 0.677503
0.573472 0.728218
0.573472 0.750325
0.573472 0.752926
0.573472 0.775033
0.573472 0.777633
0.573472 0.833550
0.573472 0.834850
0.574772 0.365410
0.574772 0.526658
0.574772 0.529259
0.574772 0.677503
0.574772 0.726918
0.574772 0.729519
0.574772 0.751625
0.574772 0.776333
0.574772 0.833550
0.574772 0.834850
0.576073 0.436931
0.576073 0.477243
0.576073 0.644993
0.576073 0.647594
0.576073 0.648895
0.576073 0.750325
0.576073 0.752926
0.576073 0.775033
0.576073 0.777633
0.576073 0.858257
0.577373 0.436931
0.577373 0.438231
0.577373 0.477243
0.577373 0.478544
0.577373 0.647594
0.577373 0.648895
0.577373 0.656697
0.577373 0.659298
0.577373 0.858257
0.578674 0.443433
0.578674 0.444733
0.578674 0.652796
0.578674 0.654096
0.578674 0.657997
0.579974 0.387516
0.579974 0.443433
0.579974 0.444733
0.579974 0.522757
0.579974 0.525358
0.579974 0.652796
0.579974 0.654096
0.579974 0.656697
0.579974 0.659298
0.579974 0.749025
0.579974 0.773732
0.579974 0.775033
0.581274 0.443433
0.581274 0.444733
0.581274 0.524057
0.581274 0.749025
0.581274 0.773732
0.581274 0.775033
0.582575 0.522757
0.582575 0.525358
0.585176 0.716515
0.586476 0.386216
0.586476 0.387516
0.587776 0.386216
0.587776 0.387516
0.589077 0.674902
0.589077 0.743823
0.589077 0.746424
0.590377 0.743823
0.590377 0.746424
0.591678 0.726918
0.591678 0.743823
0.591678 0.746424
0.591678 0.824447
0.592978 0.382315
0.594278 0.382315
0.594278 0.386216
0.594278 0.590377
0.595579 0.386216
0.595579 0.387516
0.595579 0.412224
0.596879 0.404421
0.596879 0.412224
0.596879 0.518856
0.596879 0.520156
0.598179 0.412224
0.598179 0.413524
0.598179 0.477243
0.598179 0.478544
0.598179 0.518856
0.598179 0.520156
0.598179 0.598179
0.599480 0.412224
0.599480 0.413524
0.599480 0.477243
0.599480 0.478544
0.599480 0.518856
0.599480 0.520156
0.599480 0.598179
0.599480 0.605982
0.599480 0.608583
0.600780 0.607282
0.602081 0.605982
0.602081 0.608583
0.603381 0.657997
0.604681 0.657997
0.605982 0.412224
0.605982 0.823147
0.607282 0.412224
0.607282 0.413524
0.607282 0.620286
0.607282 0.621586
0.608583 0.620286
0.608583 0.664499
0.609883 0.470741
0.609883 0.620286
0.609883 0.621586
0.609883 0.664499
0.609883 0.665800
0.611183 0.470741
0.611183 0.472042
0.611183 0.671001
0.611183 0.734720
0.612484 0.671001
0.612484 0.732120
0.612484 0.734720
0.613784 0.732120
0.613784 0.733420
0.613784 0.734720
0.615085 0.479844
0.615085 0.732120
0.615085 0.734720
0.616385 0.479844
0.616385 0.481144
0.616385 0.501951
0.616385 0.504551
0.616385 0.681404
0.616385 0.682705
0.616385 0.694408
0.616385 0.695709
0.617685 0.503251
0.617685 0.507152
0.617685 0.509753
0.617685 0.681404
0.617685 0.682705
0.617685 0.694408
0.617685 0.695709
0.617685 0.732120
0.618986 0.501951
0.618986 0.504551
0.618986 0.732120
0.618986 0.733420
0.620286 0.507152
0.620286 0.509753
0.620286 0.690507
0.620286 0.691808
0.620286 0.700910
0.620286 0.702211
0.620286 0.729519
0.621586 0.690507
0.621586 0.691808
0.621586 0.700910
0.621586 0.702211
0.621586 0.729519
0.622887 0.690507
0.622887 0.691808
0.622887 0.736021
0.622887 0.738622
0.624187 0.690507
0.624187 0.691808
0.624187 0.710013
0.624187 0.736021
0.624187 0.737321
0.624187 0.738622
0.625488 0.708713
0.625488 0.710013
0.625488 0.736021
0.625488 0.738622
0.626788 0.612484
0.626788 0.615085
0.626788 0.743823
0.628088 0.613784
0.628088 0.641092
0.628088 0.646294
0.628088 0.648895
0.628088 0.700910
0.628088 0.710013
0.628088 0.743823
0.628088 0.745124
0.629389 0.612484
0.629389 0.615085
0.629389 0.641092
0.629389 0.642393
0.629389 0.647594
0.629389 0.700910
0.629389 0.702211
0.629389 0.710013
0.629389 0.750325
0.630689 0.646294
0.630689 0.648895
0.630689 0.750325
0.631990 0.707412
0.631990 0.708713
0.633290 0.707412
0.633290 0.708713
0.633290 0.724317
0.634590 0.724317
0.634590 0.725618
0.635891 0.547464
0.635891 0.612484
0.635891 0.720416
0.635891 0.729519
0.635891 0.756827
0.635891 0.758127
0.637191 0.547464
0.637191 0.548765
0.637191 0.612484
0.637191 0.613784
0.637191 0.720416
0.637191 0.734720
0.637191 0.736021
0.637191 0.756827
0.637191 0.758127
0.638492 0.734720
0.638492 0.736021
0.639792 0.680104
0.639792 0.681404
0.639792 0.721717
0.639792 0.725618
0.639792 0.728218
0.641092 0.680104
0.641092 0.681404
0.641092 0.721717
0.641092 0.725618
0.641092 0.726918
0.641092 0.728218
0.641092 0.739922
0.642393 0.725618
0.642393 0.728218
0.642393 0.739922
0.644993 0.611183
0.644993 0.732120
0.644993 0.745124
0.644993 0.746424
0.646294 0.611183
0.646294 0.612484
0.646294 0.638492
0.646294 0.639792
0.646294 0.644993
0.646294 0.646294
0.646294 0.732120
0.646294 0.745124
0.646294 0.746424
0.647594 0.626788
0.647594 0.638492
0.647594 0.639792
0.647594 0.644993
0.647594 0.646294
0.647594 0.693108
0.647594 0.699610
0.647594 0.738622
0.647594 0.741222
0.647594 0.752926
0.648895 0.626788
0.648895 0.628088
0.648895 0.693108
0.648895 0.694408
0.648895 0.699610
0.648895 0.700910
0.648895 0.738622
0.648895 0.739922
0.648895 0.741222
0.648895 0.752926
0.650195 0.738622
0.650195 0.741222
0.651495 0.651495
0.651495 0.663199
0.651495 0.664499
0.652796 0.651495
0.652796 0.664499
0.652796 0.747724
0.652796 0.750325
0.654096 0.749025
0.655397 0.711313
0.655397 0.712614
0.655397 0.747724
0.655397 0.750325
0.656697 0.677503
0.656697 0.711313
0.656697 0.712614
0.657997 0.345904
0.657997 0.677503
0.657997 0.678804
0.660598 0.707412
0.660598 0.710013
0.661899 0.331599
0.661899 0.708713
0.661899 0.716515
0.663199 0.331599
0.663199 0.332900
0.663199 0.707412
0.663199 0.710013
0.663199 0.716515
0.663199 0.717815
0.663199 0.725618
0.664499 0.725618
0.665800 0.378414
0.665800 0.734720
0.665800 0.736021
0.665800 0.737321
0.667100 0.378414
0.667100 0.379714
0.667100 0.388817
0.667100 0.734720
0.667100 0.737321
0.668401 0.330299
0.668401 0.388817
0.668401 0.734720
0.668401 0.736021
0.668401 0.737321
0.669701 0.330299
0.669701 0.331599
0.669701 0.399220
0.671001 0.345904
0.671001 0.399220
0.671001 0.400520
0.674902 0.362809
0.674902 0.364109
0.676203 0.362809
0.676203 0.364109
0.677503 0.327698
0.677503 0.330299
0.677503 0.449935
0.677503 0.452536
0.678804 0.327698
0.678804 0.328999
0.678804 0.330299
0.678804 0.444733
0.678804 0.446034
0.678804 0.451235
0.680104 0.327698
0.680104 0.330299
0.680104 0.395319
0.680104 0.444733
0.680104 0.446034
0.680104 0.449935
0.680104 0.452536
0.681404 0.395319
0.681404 0.396619
0.684005 0.361508
0.684005 0.364109
0.685306 0.327698
0.685306 0.328999
0.685306 0.362809
0.685306 0.412224
0.685306 0.413524
0.685306 0.494148
0.686606 0.327698
0.686606 0.328999
0.686606 0.361508
0.686606 0.364109
0.686606 0.375813
0.686606 0.378414
0.686606 0.412224
0.686606 0.413524
0.687906 0.308192
0.687906 0.327698
0.687906 0.328999
0.687906 0.377113
0.687906 0.426528
0.687906 0.514954
0.689207 0.308192
0.689207 0.315995
0.689207 0.375813
0.689207 0.378414
0.689207 0.426528
0.689207 0.518856
0.690507 0.443433
0.690507 0.518856
0.690507 0.522757
0.690507 0.524057
0.690507 0.527958
0.691808 0.327698
0.691808 0.394018
0.691808 0.395319
0.691808 0.410923
0.691808 0.443433
0.691808 0.522757
0.691808 0.524057
0.691808 0.527958
0.693108 0.327698
0.693108 0.345904
0.693108 0.356307
0.693108 0.357607
0.693108 0.394018
0.693108 0.395319
0.693108 0.426528
0.694408 0.356307
0.694408 0.357607
0.694408 0.461638
0.694408 0.464239
0.695709 0.351105
0.695709 0.356307
0.695709 0.357607
0.695709 0.462939
0.695709 0.542263
0.697009 0.351105
0.697009 0.352406
0.697009 0.361508
0.697009 0.461638
0.697009 0.464239
0.698309 0.361508
0.698309 0.362809
0.698309 0.371912
0.698309 0.377113
0.698309 0.425228
0.698309 0.426528
0.699610 0.377113
0.699610 0.425228
0.699610 0.426528
0.699610 0.442133
0.699610 0.495449
0.699610 0.564369
0.700910 0.387516
0.700910 0.388817
0.700910 0.425228
0.700910 0.426528
0.700910 0.442133
0.700910 0.495449
0.700910 0.496749
0.700910 0.564369
0.702211 0.304291
0.702211 0.387516
0.702211 0.388817
0.702211 0.474642
0.703511 0.304291
0.703511 0.305592
0.703511 0.387516
0.703511 0.388817
0.703511 0.474642
0.703511 0.475943
0.703511 0.490247
0.703511 0.491547
0.703511 0.508453
0.704811 0.314694
0.704811 0.315995
0.704811 0.410923
0.704811 0.412224
0.704811 0.490247
0.704811 0.491547
0.704811 0.495449
0.704811 0.498049
0.706112 0.314694
0.706112 0.315995
0.706112 0.319896
0.706112 0.410923
0.706112 0.412224
0.706112 0.439532
0.706112 0.490247
0.706112 0.491547
0.706112 0.496749
0.707412 0.319896
0.707412 0.321196
0.707412 0.336801
0.707412 0.439532
0.707412 0.440832
0.707412 0.474642
0.707412 0.475943
0.707412 0.495449
0.707412 0.498049
0.708713 0.474642
0.708713 0.475943
0.710013 0.357607
0.710013 0.360208
0.710013 0.529259
0.711313 0.358908
0.711313 0.495449
0.711313 0.496749
0.711313 0.529259
0.711313 0.530559
0.711313 0.539662
0.712614 0.352406
0.712614 0.357607
0.712614 0.360208
0.712614 0.438231
0.712614 0.495449
0.712614 0.496749
0.712614 0.539662
0.712614 0.540962
0.713914 0.352406
0.713914 0.353706
0.713914 0.438231
0.713914 0.443433
0.713914 0.444733
0.715215 0.373212
0.715215 0.443433
0.715215 0.444733
0.715215 0.449935
0.715215 0.452536
0.715215 0.455137
0.715215 0.457737
0.715215 0.459038
0.715215 0.460338
0.715215 0.527958
0.716515 0.373212
0.716515 0.374512
0.716515 0.453836
0.716515 0.457737
0.716515 0.460338
0.716515 0.527958
0.716515 0.529259
0.716515 0.561769
0.717815 0.379714
0.717815 0.381014
0.717815 0.452536
0.717815 0.455137
0.717815 0.457737
0.717815 0.459038
0.717815 0.460338
0.719116 0.302991
0.719116 0.336801
0.719116 0.338101
0.719116 0.379714
0.719116 0.381014
0.719116 0.384915
0.719116 0.386216
0.719116 0.469441
0.719116 0.472042
0.719116 0.538362
0.719116 0.539662
0.720416 0.302991
0.720416 0.304291
0.720416 0.317295
0.720416 0.319896
0.720416 0.336801
0.720416 0.338101
0.720416 0.379714
0.720416 0.381014
0.720416 0.384915
0.720416 0.386216
0.720416 0.401821
0.720416 0.470741
0.720416 0.474642
0.720416 0.477243
0.720416 0.538362
0.720416 0.539662
0.721717 0.318596
0.721717 0.384915
0.721717 0.386216
0.721717 0.401821
0.721717 0.469441
0.721717 0.472042
0.721717 0.475943
0.723017 0.287386
0.723017 0.317295
0.723017 0.319896
0.723017 0.353706
0.723017 0.355007
0.723017 0.412224
0.723017 0.474642
0.723017 0.477243
0.723017 0.561769
0.724317 0.287386
0.724317 0.353706
0.724317 0.355007
0.724317 0.412224
0.724317 0.413524
0.725618 0.304291
0.725618 0.305592
0.725618 0.369311
0.725618 0.422627
0.725618 0.508453
0.725618 0.511053
0.726918 0.304291
0.726918 0.305592
0.726918 0.369311
0.726918 0.370611
0.726918 0.422627
0.726918 0.423927
0.726918 0.508453
0.726918 0.509753
0.726918 0.511053
0.728218 0.352406
0.728218 0.508453
0.728218 0.511053
0.728218 0.514954
0.729519 0.352406
0.729519 0.383615
0.729519 0.386216
0.730819 0.284785
0.730819 0.383615
0.730819 0.384915
0.730819 0.386216
0.730819 0.457737
0.730819 0.468140
0.730819 0.473342
0.730819 0.475943
0.732120 0.284785
0.732120 0.286086
0.732120 0.368010
0.732120 0.383615
0.732120 0.386216
0.732120 0.401821
0.732120 0.474642
0.732120 0.535761
0.733420 0.351105
0.733420 0.368010
0.733420 0.473342
0.733420 0.475943
0.733420 0.478544
0.733420 0.481144
0.733420 0.535761
0.733420 0.537061
0.734720 0.351105
0.734720 0.352406
0.734720 0.479844
0.736021 0.302991
0.736021 0.309493
0.736021 0.310793
0.736021 0.472042
0.736021 0.474642
0.736021 0.478544
0.736021 0.481144
0.736021 0.485046
0.736021 0.552666
0.737321 0.309493
0.737321 0.310793
0.737321 0.314694
0.737321 0.397919
0.737321 0.399220
0.737321 0.473342
0.737321 0.552666
0.737321 0.553966
0.737321 0.557867
0.737321 0.559168
0.738622 0.319896
0.738622 0.321196
0.738622 0.328999
0.738622 0.331599
0.738622 0.397919
0.738622 0.399220
0.738622 0.472042
0.738622 0.474642
0.738622 0.557867
0.738622 0.559168
0.739922 0.319896
0.739922 0.321196
0.739922 0.328999
0.739922 0.330299
0.739922 0.331599
0.741222 0.279584
0.741222 0.280884
0.741222 0.331599
0.741222 0.336801
0.741222 0.343303
0.741222 0.386216
0.742523 0.279584
0.742523 0.280884
0.742523 0.336801
0.742523 0.338101
0.742523 0.343303
0.742523 0.522757
0.745124 0.351105
0.745124 0.352406
0.745124 0.466840
0.746424 0.351105
0.746424 0.352406
0.746424 0.417425
0.746424 0.466840
0.746424 0.468140
0.746424 0.543563
0.746424 0.544863
0.747724 0.417425
0.747724 0.543563
0.747724 0.544863
0.749025 0.431730
0.749025 0.434330
0.749025 0.486346
0.749025 0.553966
0.749025 0.556567
0.750325 0.394018
0.750325 0.396619
0.750325 0.431730
0.750325 0.433030
0.750325 0.434330
0.750325 0.465540
0.750325 0.468140
0.750325 0.486346
0.750325 0.487646
0.750325 0.555267
0.751625 0.395319
0.751625 0.431730
0.751625 0.434330
0.751625 0.465540
0.751625 0.466840
0.751625 0.468140
0.751625 0.553966
0.751625 0.556567
0.752926 0.276983
0.752926 0.309493
0.752926 0.310793
0.752926 0.312094
0.752926 0.394018
0.752926 0.396619
0.752926 0.465540
0.752926 0.468140
0.752926 0.485046
0.752926 0.487646
0.754226 0.309493
0.754226 0.312094
0.754226 0.486346
0.755527 0.309493
0.755527 0.310793
0.755527 0.312094
0.755527 0.465540
0.755527 0.485046
0.755527 0.487646
0.756827 0.327698
0.756827 0.328999
0.756827 0.332900
0.756827 0.439532
0.756827 0.440832
0.756827 0.442133
0.756827 0.465540
0.756827 0.530559
0.758127 0.276983
0.758127 0.278283
0.758127 0.327698
0.758127 0.328999
0.758127 0.439532
0.758127 0.440832
0.758127 0.442133
0.758127 0.482445
0.758127 0.485046
0.759428 0.276983
0.759428 0.278283
0.759428 0.338101
0.759428 0.339402
0.759428 0.439532
0.759428 0.440832
0.759428 0.442133
0.759428 0.482445
0.759428 0.483745
0.759428 0.485046
0.759428 0.551365
0.759428 0.553966
0.760728 0.276983
0.760728 0.278283
0.760728 0.338101
0.760728 0.339402
0.760728 0.482445
0.760728 0.485046
0.760728 0.551365
0.760728 0.552666
0.760728 0.553966
0.762029 0.273082
0.762029 0.295189
0.762029 0.348505
0.762029 0.349805
0.762029 0.446034
0.762029 0.449935
0.762029 0.452536
0.762029 0.496749
0.762029 0.498049
0.762029 0.529259
0.762029 0.551365
0.762029 0.553966
0.763329 0.273082
0.763329 0.295189
0.763329 0.296489
0.763329 0.348505
0.763329 0.349805
0.763329 0.360208
0.763329 0.449935
0.763329 0.451235
0.763329 0.452536
0.763329 0.496749
0.763329 0.498049
0.763329 0.529259
0.764629 0.449935
0.764629 0.452536
0.764629 0.550065
0.764629 0.551365
0.764629 0.552666
0.765930 0.312094
0.765930 0.365410
0.765930 0.516255
0.765930 0.550065
0.765930 0.552666
0.767230 0.273082
0.767230 0.312094
0.767230 0.365410
0.767230 0.366710
0.767230 0.516255
0.767230 0.517555
0.767230 0.550065
0.767230 0.551365
0.767230 0.552666
0.768531 0.273082
0.768531 0.328999
0.768531 0.461638
0.768531 0.465540
0.768531 0.468140
0.769831 0.328999
0.769831 0.465540
0.769831 0.466840
0.769831 0.468140
0.769831 0.548765
0.769831 0.551365
0.771131 0.310793
0.771131 0.312094
0.771131 0.465540
0.771131 0.468140
0.771131 0.482445
0.771131 0.485046
0.771131 0.548765
0.771131 0.550065
0.771131 0.551365
0.772432 0.310793
0.772432 0.312094
0.772432 0.345904
0.772432 0.347204
0.772432 0.483745
0.772432 0.548765
0.772432 0.551365
0.773732 0.310793
0.773732 0.312094
0.773732 0.325098
0.773732 0.345904
0.773732 0.347204
0.773732 0.426528
0.773732 0.427828
0.773732 0.482445
0.773732 0.485046
0.775033 0.325098
0.775033 0.413524
0.775033 0.414824
0.775033 0.431730
0.775033 0.433030
0.775033 0.494148
0.775033 0.499350
0.776333 0.256177
0.776333 0.273082
0.776333 0.274382
0.776333 0.275683
0.776333 0.310793
0.776333 0.413524
0.776333 0.414824
0.776333 0.431730
0.776333 0.433030
0.776333 0.436931
0.776333 0.494148
0.776333 0.499350
0.776333 0.500650
0.776333 0.548765
0.777633 0.256177
0.777633 0.257477
0.777633 0.273082
0.777633 0.274382
0.777633 0.275683
0.777633 0.344603
0.777633 0.548765
0.777633 0.550065
0.778934 0.273082
0.778934 0.274382
0.778934 0.275683
0.780234 0.360208
0.780234 0.443433
0.780234 0.448635
0.780234 0.449935
0.781534 0.448635
0.781534 0.449935
0.781534 0.469441
0.781534 0.525358
0.782835 0.293888
0.782835 0.305592
0.782835 0.306892
0.782835 0.343303
0.782835 0.344603
0.782835 0.475943
0.782835 0.525358
0.782835 0.526658
0.784135 0.300390
0.784135 0.301691
0.784135 0.305592
0.784135 0.306892
0.784135 0.343303
0.784135 0.344603
0.784135 0.407022
0.784135 0.408322
0.785436 0.300390
0.785436 0.301691
0.785436 0.407022
0.785436 0.408322
0.785436 0.548765
0.786736 0.300390
0.786736 0.301691
0.786736 0.391417
0.786736 0.392718
0.786736 0.407022
0.786736 0.408322
0.786736 0.426528
0.786736 0.429129
0.788036 0.310793
0.788036 0.391417
0.788036 0.392718
0.788036 0.426528
0.788036 0.427828
0.788036 0.429129
0.789337 0.310793
0.789337 0.312094
0.789337 0.426528
0.789337 0.429129
0.789337 0.508453
0.790637 0.319896
0.790637 0.338101
0.790637 0.508453
0.790637 0.509753
0.790637 0.513654
0.790637 0.514954
0.790637 0.522757
0.790637 0.524057
0.791938 0.338101
0.791938 0.444733
0.791938 0.446034
0.791938 0.514954
0.791938 0.522757
0.791938 0.524057
0.791938 0.526658
0.793238 0.343303
0.793238 0.344603
0.793238 0.426528
0.793238 0.444733
0.793238 0.446034
0.793238 0.456437
0.793238 0.535761
0.793238 0.537061
0.793238 0.540962
0.793238 0.543563
0.794538 0.343303
0.794538 0.344603
0.794538 0.405722
0.794538 0.407022
0.794538 0.456437
0.794538 0.535761
0.794538 0.537061
0.794538 0.542263
0.795839 0.405722
0.795839 0.407022
0.795839 0.540962
0.795839 0.543563
0.797139 0.353706
0.797139 0.355007
0.797139 0.364109
0.797139 0.365410
0.797139 0.405722
0.797139 0.407022
0.797139 0.425228
0.797139 0.427828
0.797139 0.443433
0.797139 0.444733
0.797139 0.455137
0.797139 0.457737
0.797139 0.547464
0.797139 0.548765
0.798440 0.353706
0.798440 0.355007
0.798440 0.364109
0.798440 0.365410
0.798440 0.426528
0.798440 0.444733
0.798440 0.456437
0.798440 0.547464
0.798440 0.548765
0.799740 0.425228
0.799740 0.427828
0.799740 0.455137
0.799740 0.457737
0.799740 0.547464
0.799740 0.548765
0.801040 0.474642
0.801040 0.477243
0.802341 0.407022
0.802341 0.409623
0.802341 0.444733
0.802341 0.455137
0.802341 0.456437
0.802341 0.475943
0.802341 0.511053
0.802341 0.512354
0.803641 0.408322
0.803641 0.444733
0.803641 0.474642
0.803641 0.477243
0.803641 0.511053
0.803641 0.512354
0.803641 0.521456
0.804941 0.407022
0.804941 0.409623
0.804941 0.521456
0.806242 0.453836
0.806242 0.455137
0.807542 0.473342
0.807542 0.474642
0.807542 0.475943
0.807542 0.509753
0.807542 0.511053
0.808843 0.473342
0.808843 0.475943
0.808843 0.509753
0.808843 0.511053
0.810143 0.473342
0.810143 0.474642
0.810143 0.475943
0.810143 0.487646
0.810143 0.490247
0.810143 0.543563
0.811443 0.488947
0.811443 0.520156
0.812744 0.430429
0.812744 0.487646
0.812744 0.490247
0.814044 0.430429
0.815345 0.508453
0.815345 0.517555
0.815345 0.518856
0.815345 0.520156
0.816645 0.456437
0.816645 0.459038
0.816645 0.508453
0.816645 0.517555
0.816645 0.518856
0.816645 0.520156
0.817945 0.457737
0.817945 0.517555
0.817945 0.518856
0.817945 0.520156
0.817945 0.542263
0.819246 0.456437
0.819246 0.459038
0.819246 0.464239
0.820546 0.464239
0.823147 0.485046
0.823147 0.540962
0.824447 0.485046
0.824447 0.486346
0.824447 0.490247
0.824447 0.491547
0.825748 0.490247
0.825748 0.491547
0.827048 0.498049
0.827048 0.505852
0.827048 0.507152
0.828349 0.498049
0.828349 0.505852
0.828349 0.507152
0.828349 0.517555
0.828349 0.518856
0.829649 0.505852
0.829649 0.507152
0.829649 0.517555
0.829649 0.518856
0.438231 0.052016
0.530559 0.395319
0.547464 0.516255
0.323797 0.370611
0.394018 0.000000
0.477243 0.565670
0.577373 0.644993
0.620286 0.703511
0.706112 0.336801
0.149545 0.478544
0.618986 0.508453
0.107932 0.451235
0.127438 0.388817
0.394018 0.088427
0.504551 0.648895
0.542263 0.837451
0.547464 0.764629
0.608583 0.621586
0.265280 0.300390
0.322497 0.362809
0.365410 0.431730
0.492848 0.076723
0.539662 0.490247
0.308192 0.135241
0.310793 0.132640
0.378414 0.210663
0.473342 0.163849
0.474642 0.551365
0.521456 0.741222
0.741222 0.338101
0.782835 0.287386
0.784135 0.293888
0.438231 0.068921
0.439532 0.068921
0.520156 0.071521
0.520156 0.732120
0.100130 0.456437
0.343303 0.520156
0.490247 0.057217
0.500650 0.560468
0.514954 0.057217
0.514954 0.058518
0.538362 0.490247
0.590377 0.745124
0.741222 0.328999
0.144343 0.465540
0.331599 0.726918
0.336801 0.560468
0.392718 0.384915
0.447334 0.022107
0.500650 0.609883
0.539662 0.824447
0.546164 0.908973
0.579974 0.797139
0.371912 0.384915
0.495449 0.725618
0.507152 0.409623