57
918 353214 427676
919 352909 422335
920 349548 418172
921 352802 420526
922 352995 421125
923 351884 426490
924 350083 425035
925 357166 425846
926 348767 418580
927 356523 425252
928 359125 417215
929 359447 413317
930 351720 428201
931 355207 423685
932 359832 417370
933 359567 427575
934 354758 422782
935 353989 421856
936 351900 428827
937 348716 425864
938 360779 413426
939 353713 425658
940 356837 425909
941 355880 418558
942 360057 419028
943 351919 417257
944 357543 423090
945 352243 427156
946 350619 424959
947 355142 422115
948 355672 427119
949 358770 416352
950 357996 417037
951 358977 417306
952 351973 428127
953 358358 417482
954 358943 418061
955 353222 427197
956 356397 426301
957 348273 425545
958 353143 415030
959 357998 416205
960 357487 415937
961 352051 421499
962 351276 425833
963 354438 422333
964 354738 426567
965 355479 419132
966 354374 425609
967 355859 425680
968 355535 424264
969 353150 427008
970 356340 413295
971 355903 413619
972 355563 414116
973 355398 414390
974 355350 414031