917
1 359014 416976
2 352909 426935
3 353848 422172
4 359202 417326
5 357795 415825
6 352784 426890
7 354777 421668
8 354983 422135
9 355366 414446
10 362767 421680
11 356323 426452
12 354225 422015
13 357847 417617
14 360920 422301
15 352407 421885
16 356732 426370
17 353567 427375
18 359658 417482
19 351289 417356
20 358400 416427
21 355816 427164
22 354179 422426
23 357513 423658
24 353837 426909
25 348480 426458
26 353757 422128
27 355119 424957
28 354643 422790
29 355543 427356
30 358119 419159
31 353842 422315
32 360972 414019
33 354170 421752
34 360396 426837
35 359277 427206
36 358573 416227
37 358158 418082
38 359943 413061
39 353422 427397
40 357697 416901
41 361273 413645
42 360443 413130
43 356098 426705
44 358587 416237
45 355951 422299
46 347976 425833
47 358438 416633
48 351279 425132
49 360074 419409
50 355859 426480
51 354135 423064
52 358250 421108
53 356040 426095
54 359703 416819
55 357363 416516
56 353398 422990
57 357850 416731
58 356555 426361
59 351595 428278
60 351195 427532
61 358727 417958
62 358838 418786
63 356153 418404
64 353842 421955
65 352290 421779
66 351276 427253
67 355346 428245
68 351014 425588
69 348044 424681
70 347880 424127
71 357898 416594
72 358247 418543
73 355680 412911
74 354746 422805
75 347595 424463
76 354751 425940
77 352979 422538
78 356682 425688
79 356202 425983
80 359284 426593
81 357865 425718
82 350607 427645
83 354866 425588
84 353807 422416
85 357630 421956
86 357136 427977
87 357615 417178
88 360747 413850
89 351953 421858
90 359765 412876
91 357864 415815
92 356572 427055
93 356492 425472
94 356535 418845
95 354696 421895
96 359441 417968
97 353455 427991
98 357764 426707
99 355915 426491
100 353223 422452
101 357439 416037
102 358063 417177
103 353680 422280
104 348105 426103
105 357952 416626
106 351421 423320
107 355907 427533
108 357157 426444
109 356502 418591
110 354967 419471
111 353952 418689
112 363288 421890
113 359568 413101
114 359407 418144
115 357765 416301
116 357466 415985
117 352342 417336
118 353536 422007
119 361821 421458
120 348021 424120
121 355146 422954
122 358023 416833
123 357826 419878
124 352516 421020
125 352627 421515
126 356175 426229
127 356196 426482
128 348497 423912
129 355922 426199
130 353471 428238
131 355714 414740
132 362418 421162
133 354904 421383
134 353876 421916
135 355559 420188
136 348540 419391
137 355999 427103
138 352129 421583
139 354114 422132
140 360405 414364
141 351878 428284
142 359500 412554
143 357444 415710
144 358126 418056
145 351231 425139
146 358351 417046
147 362106 421297
148 358484 425727
149 357946 417520
150 349408 426166
151 353849 425372
152 357768 416251
153 358637 416102
154 352560 426394
155 354422 422625
156 357862 416757
157 357028 416247
158 353908 422528
159 355410 427319
160 348785 418558
161 356810 426166
162 352163 427981
163 358400 418375
164 359635 427135
165 357152 418005
166 348476 426104
167 354078 422289
168 359605 417296
169 347390 425396
170 354945 418483
171 350408 425720
172 351079 424510
173 355687 427377
174 352793 427008
175 357175 426354
176 353898 423213
177 363371 422506
178 356527 425821
179 351103 424594
180 353245 422228
181 358965 426636
182 353004 421538
183 352954 421755
184 355044 419836
185 355450 422937
186 357221 414239
187 354150 417385
188 359497 418042
189 349928 426994
190 359455 427346
191 351024 428316
192 352915 421163
193 354304 421536
194 353428 421610
195 356120 426111
196 352771 426813
197 354744 421881
198 352953 427161
199 351221 427359
200 352426 427709
201 361378 422332
202 357576 416759
203 355134 423078
204 358814 417542
205 354658 422937
206 358743 416301
207 358220 416920
208 358895 417723
209 361174 413831
210 355945 426405
211 358614 417646
212 347782 426705
213 358160 418751
214 353136 423169
215 355304 413479
216 350754 427577
217 348365 424629
218 351724 428904
219 358698 417633
220 358729 422036
221 352300 428647
222 353040 422243
223 347557 424814
224 356924 426335
225 349169 418090
226 358881 417424
227 360211 421595
228 356360 414149
229 358228 417551
230 359341 417474
231 359986 413533
232 358827 413520
233 356440 413725
234 351546 427996
235 348923 418473
236 358833 417362
237 352720 421451
238 352773 427758
239 356057 426951
240 360477 413941
241 355557 423427
242 352635 426987
243 356451 425908
244 354794 421944
245 352750 426898
246 358495 417689
247 354470 425790
248 355426 427268
249 356593 414692
250 360169 412819
251 358177 417785
252 352749 427227
253 354652 423286
254 357041 416544
255 358131 427181
256 358489 416795
257 358956 416122
258 353954 426153
259 353754 422375
260 352314 425021
261 358469 416842
262 360467 419203
263 352044 421697
264 346929 422869
265 348734 426261
266 357700 422388
267 355288 423190
268 350622 425097
269 358218 420003
270 356308 426675
271 359886 414426
272 356888 425566
273 351478 422949
274 356829 414247
275 357914 415816
276 356668 425648
277 350898 427626
278 354249 425547
279 357791 416814
280 355281 421803
281 360709 414414
282 352190 426279
283 356953 414960
284 353520 414738
285 356028 427155
286 357050 414339
287 354487 422955
288 351824 421755
289 349448 426042
290 349294 427325
291 358423 427564
292 357852 416767
293 358111 415603
294 358558 419169
295 358090 417337
296 357864 413868
297 358258 422572
298 358105 417849
299 354860 422612
300 351778 416776
301 351855 428425
302 349677 426869
303 357800 415858
304 358688 417998
305 351207 418719
306 356431 414809
307 358927 417824
308 359741 419372
309 359214 418309
310 358749 417125
311 353432 422998
312 358344 421342
313 358774 418077
314 356403 426060
315 354813 419065
316 352197 417357
317 352158 422073
318 359534 427458
319 352733 416892
320 352067 416631
321 358953 417116
322 356520 418241
323 357614 416324
324 355569 419238
325 350854 425732
326 355634 421637
327 355027 418153
328 354308 425671
329 356932 426057
330 360482 414279
331 358242 417469
332 359604 416789
333 358878 417123
334 356014 426288
335 353262 427176
336 358698 416324
337 357518 416819
338 353514 427221
339 360324 412891
340 358118 416876
341 355910 423321
342 359355 417999
343 358985 416714
344 348733 425977
345 358209 420501
346 352344 427913
347 359673 416974
348 352074 427731
349 358112 422514
350 362728 427595
351 350620 420050
352 357837 418326
353 355575 422151
354 351880 428675
355 352065 416370
356 352955 421328
357 357304 422378
358 353467 422708
359 352538 428378
360 354948 415944
361 358127 416842
362 354580 425875
363 351911 417480
364 354444 422760
365 360634 413955
366 348749 423859
367 359135 427071
368 353984 426358
369 358996 417852
370 356030 425902
371 351037 427423
372 355692 422908
373 356557 414624
374 350866 427727
375 358308 416762
376 360924 414526
377 353404 421430
378 353522 422245
379 356353 426212
380 356497 425022
381 358208 419778
382 355699 427529
383 357027 416415
384 350282 426709
385 354543 419682
386 361421 413667
387 358334 420730
388 356881 426294
389 356179 425699
390 354494 422290
391 352413 421602
392 357978 421847
393 357749 418535
394 350247 427575
395 357990 427608
396 359260 417133
397 360593 413231
398 359240 426422
399 351910 416377
400 357819 417135
401 362175 420920
402 354750 425804
403 356543 413892
404 350023 424038
405 358877 417860
406 354837 423097
407 353464 422653
408 357868 417197
409 358468 416144
410 351578 427483
411 360505 412827
412 359203 417176
413 352742 427083
414 353193 421272
415 354226 421962
416 357442 416564
417 348261 424017
418 347148 420727
419 357959 416556
420 353051 427586
421 354923 422320
422 354966 425787
423 358198 417437
424 352957 427264
425 350078 426157
426 358179 418549
427 354341 421503
428 356600 414619
429 353067 414790
430 356378 425685
431 357989 417030
432 353940 425778
433 357921 427471
434 362174 421736
435 352693 427571
436 358919 416796
437 355615 426896
438 359909 412721
439 357257 416753
440 354683 421668
441 364330 422137
442 358510 416845
443 354498 422644
444 356159 426606
445 358094 417967
446 354855 419152
447 353418 427627
448 353034 421482
449 354600 422932
450 359290 417231
451 350957 425738
452 355014 422992
453 359208 418473
454 347410 423760
455 352866 427396
456 356783 414302
457 348372 425466
458 357703 427885
459 356511 414078
460 354727 418968
461 351236 428042
462 353473 421884
463 353769 422675
464 352048 416434
465 358408 427171
466 350624 425999
467 358083 417318
468 354839 423604
469 360113 412632
470 354838 421542
471 352001 428080
472 355638 414283
473 355213 421550
474 357509 416981
475 360488 413552
476 362865 421904
477 354210 422208
478 355567 419499
479 354211 416599
480 358821 417320
481 358617 420344
482 360569 414027
483 351805 425783
484 352072 428679
485 355707 426811
486 351066 428150
487 348903 419268
488 351403 428665
489 358642 426816
490 358148 417395
491 351654 428498
492 357649 416522
493 356467 418237
494 353559 428088
495 352106 426546
496 353902 426553
497 350986 428014
498 358293 417285
499 355770 427246
500 355488 425985
501 352513 427512
502 353362 421784
503 358654 416991
504 359024 416119
505 355391 426360
506 359935 413908
507 352679 426712
508 351151 424750
509 352500 422266
510 359961 421261
511 353559 421133
512 358336 419264
513 357522 416812
514 347359 425364
515 356170 426791
516 358054 415808
517 353295 426709
518 355286 427065
519 353483 427649
520 350943 426036
521 348538 424147
522 359381 413118
523 356275 427264
524 358534 416631
525 359547 426304
526 352582 421445
527 359319 412843
528 357760 416602
529 350771 425435
530 352022 426871
531 356340 413671
532 356331 425651
533 358263 413643
534 352860 421912
535 348593 418625
536 356201 425512
537 354086 422742
538 359601 413388
539 356358 426630
540 355588 418825
541 353422 422090
542 352179 427530
543 357807 422336
544 357927 418454
545 357631 422235
546 353360 427004
547 356976 426839
548 352871 426425
549 351427 421233
550 353200 425917
551 357505 416713
552 352045 416956
553 351248 427918
554 353657 422890
555 354672 421830
556 355348 422974
557 359977 417461
558 358576 418116
559 347501 423653
560 352725 426604
561 352331 427600
562 360450 413580
563 364435 422413
564 359215 416933
565 353135 421854
566 351961 417269
567 358199 426848
568 358079 416051
569 359357 417601
570 355187 425543
571 356425 426231
572 356098 418265
573 360034 413042
574 359290 418492
575 359262 417460
576 357944 417891
577 357858 427031
578 354579 422758
579 348553 425833
580 359035 426815
581 356049 427085
582 351291 421295
583 358253 423136
584 352797 422064
585 354480 421690
586 358554 417653
587 355576 414538
588 355845 427917
589 354802 418780
590 349009 425990
591 356543 419012
592 360556 413564
593 359564 416980
594 358016 416988
595 357902 418089
596 356493 412437
597 354463 425122
598 353966 421942
599 356193 414436
600 352855 422271
601 359110 427019
602 352928 422058
603 351886 428543
604 352410 427145
605 351535 427194
606 358400 417951
607 356786 414338
608 351511 419248
609 351617 420613
610 355573 421323
611 353124 416078
612 358869 418037
613 350814 425483
614 353596 422397
615 358640 418656
616 358086 418163
617 347778 426050
618 359013 418511
619 354184 421764
620 359218 416518
621 356898 426064
622 355725 427798
623 359829 418740
624 351489 427669
625 356246 425659
626 357670 416647
627 350902 427633
628 358483 416723
629 354744 426232
630 355258 422014
631 359033 419154
632 352964 427130
633 348658 426668
634 355132 426249
635 353233 421453
636 354025 422750
637 355972 423354
638 352704 416094
639 359751 412563
640 356215 426193
641 359224 418560
642 359507 425717
643 352536 422731
644 355525 424198
645 354796 422207
646 358494 416253
647 353318 422094
648 351758 416556
649 358676 419109
650 355268 418828
651 357837 417107
652 357074 418121
653 353759 421205
654 358095 415838
655 356358 414292
656 349393 425406
657 356508 427205
658 352710 421878
659 354652 425377
660 356105 426071
661 351191 417372
662 354576 423092
663 357176 415662
664 357766 416600
665 353551 422010
666 350991 427530
667 353200 421665
668 353030 422145
669 348844 426358
670 357100 427269
671 356814 426198
672 356041 426945
673 358967 424752
674 358005 417071
675 355003 422747
676 354755 419722
677 355118 428126
678 359226 417349
679 358736 417780
680 358219 417474
681 346475 422316
682 355376 421831
683 359305 417740
684 359454 418200
685 354211 425609
686 356872 427931
687 352878 422089
688 351233 421908
689 352174 427972
690 354316 422252
691 355263 421774
692 348227 425407
693 358100 417904
694 358444 416624
695 348121 424076
696 356633 425938
697 352695 421501
698 354417 419709
699 355809 427615
700 355303 417857
701 346959 425204
702 358796 418907
703 358840 417136
704 355549 427213
705 358837 417818
706 358017 417120
707 355273 427468
708 357922 417116
709 357213 416812
710 356396 426621
711 351996 422149
712 355539 426639
713 352945 428189
714 348287 426443
715 359552 426912
716 356161 425958
717 358938 418000
718 351801 426809
719 352931 421517
720 353197 421670
721 357560 423500
722 358138 421013
723 356197 426684
724 348897 418197
725 354185 426212
726 356034 418974
727 348913 418889
728 354437 426111
729 346576 425429
730 355626 427105
731 351966 422629
732 351084 425295
733 353669 426997
734 357270 416273
735 361514 413217
736 356409 415640
737 358965 417525
738 350416 427107
739 359950 421607
740 360255 413738
741 355007 422954
742 358665 416771
743 351294 428987
744 353500 421575
745 356483 414626
746 354352 421586
747 350854 428137
748 356025 422314
749 348544 425745
750 353784 423178
751 354184 422584
752 353791 427163
753 350768 424744
754 354997 421733
755 356704 426411
756 356063 426692
757 352079 421452
758 357857 423371
759 357519 416919
760 353539 426388
761 354360 421788
762 357520 427887
763 356521 425697
764 360662 413730
765 352532 427007
766 354640 425401
767 359163 418379
768 354881 422201
769 356156 414634
770 359017 418805
771 359325 416886
772 358458 426431
773 355247 422569
774 358514 417845
775 351913 421568
776 360224 413431
777 358754 418879
778 351729 421419
779 347812 420586
780 354116 425766
781 358671 416403
782 353515 422005
783 358332 417059
784 355365 421985
785 353517 427620
786 358078 422154
787 352089 421458
788 358257 421572
789 358353 422200
790 358901 419251
791 352557 427782
792 353523 427474
793 352870 421638
794 359025 416582
795 355340 422366
796 359439 424383
797 358775 417110
798 352320 417289
799 355139 425571
800 357476 416300
801 353089 421536
802 359317 417453
803 355980 418223
804 357966 417724
805 352416 416702
806 353202 422245
807 357914 424664
808 358552 416558
809 355788 414379
810 361091 413508
811 357594 417521
812 356128 425916
813 357761 426764
814 362144 421597
815 353291 426746
816 361132 413994
817 360437 413335
818 348773 426483
819 358037 419000
820 358580 418018
821 358457 415837
822 358265 416988
823 359012 417052
824 355095 423196
825 358448 423289
826 354718 422092
827 359770 418827
828 357938 417709
829 357720 420819
830 349419 426258
831 359249 418496
832 358076 416057
833 361859 427839
834 357860 417963
835 351023 425357
836 352126 417211
837 357401 416747
838 355020 422017
839 357035 416476
840 357700 424387
841 353889 421994
842 359315 418280
843 353723 422188
844 357077 425987
845 359781 427094
846 354840 422025
847 358519 418126
848 352891 427569
849 359485 413141
850 351645 427634
851 357600 415952
852 352442 417125
853 357812 415903
854 357754 421272
855 349216 426192
856 354612 425530
857 356004 415264
858 359226 426169
859 356195 427612
860 347200 422495
861 357971 418677
862 355576 421712
863 358138 417252
864 354701 422062
865 356919 425883
866 358776 417910
867 356212 426576
868 351308 428493
869 358804 417244
870 356546 427081
871 359392 417493
872 357810 416811
873 351994 423747
874 352797 422078
875 350423 427214
876 352076 428363
877 356383 418562
878 353005 427599
879 359875 427305
880 357926 416121
881 358810 417037
882 359565 414476
883 359017 418415
884 347505 425869
885 360453 419927
886 352593 421448
887 359832 420473
888 352437 421831
889 353778 420311
890 358123 415713
891 351886 422065
892 360246 413665
893 356713 414831
894 357794 416705
895 359016 417329
896 358896 420194
897 355703 415056
898 361730 423386
899 359357 417338
900 355288 421731
901 358004 426121
902 358538 416283
903 357704 416828
904 357075 425398
905 356771 425249
906 354325 426224
907 352253 427073
908 361209 413615
909 347524 422478
910 358278 415995
911 358500 422105
912 354639 425855
913 349313 427601
914 358203 416990
915 352184 416978
916 351619 428422
917 351421 428040